0.000000
-0.009246
-0.018422
-0.027465
-0.036375
-0.045141
-0.053898
-0.062625
-0.071469
-0.080446
-0.089579
-0.098746
-0.108059
-0.117243
-0.126336
-0.135321
-0.144169
-0.152839
-0.161637
-0.170390
-0.179256
-0.188340
-0.197510
-0.206684
-0.215982
-0.225117
-0.234095
-0.243026
-0.251772
-0.260448
-0.269210
-0.278032
-0.286947
-0.296088
-0.305251
-0.314482
-0.323654
-0.332739
-0.341634
-0.350456
-0.359128
-0.367844
-0.376564
-0.385451
-0.394436
-0.403579
-0.412743
-0.421946
-0.431028
-0.439998
-0.448818
-0.457548
-0.466186
-0.474875
-0.483674
-0.492542
-0.501591
-0.510736
-0.519859
-0.528953
-0.538008
-0.546789
-0.555562
-0.564227
-0.572833
-0.581521
-0.590391
-0.599228
-0.608324
-0.617413
-0.626463
-0.635472
-0.644391
-0.653081
-0.661791
-0.670385
-0.679005
-0.687735
-0.696550
-0.705466
-0.714484
-0.723490
-0.732460
-0.741366
-0.750103
-0.758806
-0.767387
-0.775998
-0.784620
-0.793364
-0.802140
-0.811064
-0.819945
-0.828897
-0.837704
-0.846507
-0.855165
-0.863785
-0.872353
-0.880985
-0.889564
-0.898317
-0.907063
-0.915833
-0.924673
-0.933441
-0.942132
-0.950850
-0.959447
-0.967997
-0.976648
-0.985170
-0.993811
-1.002468
-1.011107
-1.019757
-1.028480
-1.037024
-1.045724
-1.054290
-1.062875
-1.071463
-1.080063
-1.088559
-1.097189
-1.105660
-1.114194
-1.122704
-1.131202
-1.139717
-1.148285
-1.156828
-1.165438
-1.174003
-1.182537
-1.191071
-1.199443
-1.207861
-1.216190
-1.224513
-1.232895
-1.241377
-1.249793
-1.258457
-1.266970
-1.275532
-1.284012
-1.292394
-1.300605
-1.308883
-1.316963
-1.325224
-1.333485
-1.341867
-1.350376
-1.358920
-1.367418
-1.375956
-1.384240
-1.392443
-1.400601
-1.408528
-1.416604
-1.424734
-1.432906
-1.441272
-1.449791
-1.458156
-1.466699
-1.474972
-1.483160
-1.491184
-1.499141
-1.506983
-1.515001
-1.522953
-1.531222
-1.539455
-1.547811
-1.556203
-1.564457
-1.572547
-1.580672
-1.588467
-1.596294
-1.604221
-1.612010
-1.620029
-1.628173
-1.636270
-1.644450
-1.652677
-1.660642
-1.668697
-1.676527
-1.684381
-1.692139
-1.699974
-1.707793
-1.715746
-1.723568
-1.731649
-1.739499
-1.747410
-1.755343
-1.763165
-1.770911
-1.778851
-1.786537
-1.794320
-1.802148
-1.809798
-1.817517
-1.825220
-1.832860
-1.840568
-1.848316
-1.856041
-1.863937
-1.871621
-1.879481
-1.887155
-1.894692
-1.902220
-1.909730
-1.916948
-1.924589
-1.932060
-1.939628
-1.947448
-1.955243
-1.962847
-1.970678
-1.978132
-1.985471
-1.992802
-1.999979
-2.007163
-2.014498
-2.021919
-2.029460
-2.037101
-2.044746
-2.052400
-2.059769
-2.067193
-2.074354
-2.081408
-2.088501
-2.095679
-2.102731
-2.110186
-2.117513
-2.124937
-2.132377
-2.139750
-2.146937
-2.154174
-2.161179
-2.168278
-2.175273
-2.182315
-2.189467
-2.196522
-2.203631
-2.210856
-2.217855
-2.224927
-2.232144
-2.239031
-2.246154
-2.253280
-2.260184
-2.267155
-2.274199
-2.280851
-2.287738
-2.294529
-2.301279
-2.308138
-2.315169
-2.322089
-2.329192
-2.336192
-2.343144
-2.349905
-2.356592
-2.363142
-2.369606
-2.376109
-2.382742
-2.389407
-2.396245
-2.403211
-2.410075
-2.416974
-2.423711
-2.430287
-2.436721
-2.443097
-2.449387
-2.455798
-2.462189
-2.468803
-2.475406
-2.482051
-2.488729
-2.495327
-2.501736
-2.508248
-2.514546
-2.520804
-2.527177
-2.533453
-2.539697
-2.546094
-2.552351
-2.558583
-2.564928
-2.571163
-2.577425
-2.583791
-2.590111
-2.596399
-2.602732
-2.608901
-2.614980
-2.620985
-2.626894
-2.632759
-2.638731
-2.644735
-2.650870
-2.657128
-2.663390
-2.669633
-2.675816
-2.681785
-2.687631
-2.693372
-2.698982
-2.704651
-2.710404
-2.716211
-2.722181
-2.728214
-2.734226
-2.740223
-2.746118
-2.751881
-2.757575
-2.763163
-2.768772
-2.774338
-2.779944
-2.785592
-2.791219
-2.796812
-2.802490
-2.808030
-2.813642
-2.819281
-2.824883
-2.830504
-2.836156
-2.841651
-2.847127
-2.852459
-2.857695
-2.862901
-2.868063
-2.873351
-2.878720
-2.884154
-2.889752
-2.895343
-2.900757
-2.906259
-2.911430
-2.916467
-2.921492
-2.926421
-2.931287
-2.936461
-2.941524
-2.946778
-2.952065
-2.957333
-2.962508
-2.967656
-2.972646
-2.977666
-2.982501
-2.987448
-2.992375
-2.997147
-3.002080
-3.006943
-3.011609
-3.016490
-3.021348
-3.026014
-3.031089
-3.035999
-3.040869
-3.045853
-3.050690
-3.055208
-3.059887
-3.064209
-3.068601
-3.072998
-3.077516
-3.082094
-3.086874
-3.091605
-3.096481
-3.101106
-3.105720
-3.110198
-3.114451
-3.118709
-3.122990
-3.127156
-3.131474
-3.135866
-3.140133
-3.144559
-3.148866
-3.153199
-3.157464
-3.161797
-3.166065
-3.170398
-3.174567
-3.178888
-3.182861
-3.186870
-3.190802
-3.194602
-3.198391
-3.202481
-3.206367
-3.210561
-3.214860
-3.218993
-3.223154
-3.227265
-3.231014
-3.234764
-3.238436
-3.241925
-3.245605
-3.249281
-3.253019
-3.256843
-3.260712
-3.264460
-3.268309
-3.271977
-3.275695
-3.279339
-3.283015
-3.286582
-3.290214
-3.293669
-3.297096
-3.300409
-3.303710
-3.306933
-3.310301
-3.313717
-3.317231
-3.320857
-3.324496
-3.328042
-3.331502
-3.334798
-3.337903
-3.340933
-3.343885
-3.346890
-3.349911
-3.353062
-3.356275
-3.359490
-3.362703
-3.365941
-3.369008
-3.372116
-3.375205
-3.378193
-3.381216
-3.384225
-3.387079
-3.389908
-3.392638
-3.395276
-3.397918
-3.400586
-3.403380
-3.406250
-3.409195
-3.412276
-3.415211
-3.418050
-3.420854
-3.423360
-3.425741
-3.428222
-3.430488
-3.432889
-3.435429
-3.437916
-3.440444
-3.443084
-3.445547
-3.448075
-3.450528
-3.453027
-3.455466
-3.457897
-3.460343
-3.462674
-3.464788
-3.467007
-3.468957
-3.470817
-3.472953
-3.474949
-3.477063
-3.479512
-3.481810
-3.484082
-3.486544
-3.488554
-3.490582
-3.492523
-3.494278
-3.496019
-3.497908
-3.499588
-3.501520
-3.503290
-3.505112
-3.506917
-3.508708
-3.510468
-3.512417
-3.514215
-3.516174
-3.518074
-3.519815
-3.521486
-3.522996
-3.524319
-3.525604
-3.526899
-3.528202
-3.529689
-3.531200
-3.532899
-3.534488
-3.536151
-3.537666
-3.539133
-3.540440
-3.541844
-3.543019
-3.544343
-3.545526
-3.546701
-3.547767
-3.548830
-3.549749
-3.550801
-3.551801
-3.552965
-3.554235
-3.555530
-3.556864
-3.558150
-3.559246
-3.560202
-3.561070
-3.561717
-3.562404
-3.563093
-3.563826
-3.564537
-3.565440
-3.566195
-3.566976
-3.567787
-3.568583
-3.569271
-3.570201
-3.570999
-3.571773
-3.572569
-3.573203
-3.573601
-3.573990
-3.574204
-3.574383
-3.574633
-3.574993
-3.575456
-3.575965
-3.576595
-3.577192
-3.577608
-3.578094
-3.578475
-3.578635
-3.578985
-3.579242
-3.579286
-3.579533
-3.579564
-3.579400
-3.579393
-3.579247
-3.579074
-3.579212
-3.579277
-3.579505
-3.579833
-3.580009
-3.580167
-3.580191
-3.579958
-3.579776
-3.579428
-3.579023
-3.578789
-3.578398
-3.578049
-3.577754
-3.577329
-3.576894
-3.576610
-3.576203
-3.576020
-3.575824
-3.575696
-3.575470
-3.575195
-3.574679
-3.574101
-3.573250
-3.572487
-3.571597
-3.570810
-3.570094
-3.569435
-3.568755
-3.568161
-3.567450
-3.566780
-3.566118
-3.565412
-3.564835
-3.564167
-3.563484
-3.562719
-3.561797
-3.560628
-3.559527
-3.558147
-3.556900
-3.555701
-3.554633
-3.553535
-3.552706
-3.551706
-3.550737
-3.549708
-3.548701
-3.547487
-3.546445
-3.545326
-3.544093
-3.542854
-3.541542
-3.539946
-3.538347
-3.536721
-3.534977
-3.533418
-3.531960
-3.530606
-3.529287
-3.528069
-3.526748
-3.525349
-3.523843
-3.522394
-3.520692
-3.519112
-3.517524
-3.515731
-3.513932
-3.512141
-3.509992
-3.508000
-3.506011
-3.503928
-3.502149
-3.500449
-3.498706
-3.497182
-3.495479
-3.493661
-3.491883
-3.489833
-3.487789
-3.485806
-3.483595
-3.481502
-3.479342
-3.476959
-3.474629
-3.472242
-3.469718
-3.467451
-3.465179
-3.463048
-3.461040
-3.459043
-3.456974
-3.454874
-3.452552
-3.450233
-3.447749
-3.445241
-3.442755
-3.440187
-3.437561
-3.434922
-3.432151
-3.429310
-3.426541
-3.423759
-3.421132
-3.418575
-3.416220
-3.413766
-3.411380
-3.408859
-3.406254
-3.403413
-3.400695
-3.397728
-3.394843
-3.391900
-3.388956
-3.385809
-3.382736
-3.379505
-3.376285
-3.373086
-3.370095
-3.367106
-3.364251
-3.361555
-3.358700
-3.355788
-3.352875
-3.349743
-3.346484
-3.343387
-3.340031
-3.336752
-3.333428
-3.329994
-3.326402
-3.322870
-3.319167
-3.315618
-3.312068
-3.308755
-3.305468
-3.302267
-3.299100
-3.295857
-3.292444
-3.289102
-3.285546
-3.281984
-3.278500
-3.274816
-3.271153
-3.267434
-3.263427
-3.259476
-3.255464
-3.251306
-3.247473
-3.243646
-3.239829
-3.236326
-3.232675
-3.228934
-3.225340
-3.221531
-3.217654
-3.213947
-3.210063
-3.206174
-3.202259
-3.198173
-3.193912
-3.189568
-3.185126
-3.180687
-3.176267
-3.172020
-3.167848
-3.163672
-3.159636
-3.155524
-3.151355
-3.147219
-3.143152
-3.138959
-3.134943
-3.130841
-3.126660
-3.122279
-3.117908
-3.113157
-3.108442
-3.103668
-3.098905
-3.094127
-3.089591
-3.084872
-3.080299
-3.075678
-3.071019
-3.066441
-3.061931
-3.057441
-3.053143
-3.048754
-3.044308
-3.039894
-3.035095
-3.030299
-3.025399
-3.020325
-3.015291
-3.010377
-3.005187
-3.000227
-2.995070
-2.989875
-2.984718
-2.979611
-2.974518
-2.969723
-2.964847
-2.960177
-2.955463
-2.950611
-2.945743
-2.940776
-2.935630
-2.930582
-2.925448
-2.920227
-2.915011
-2.909640
-2.904134
-2.898521
-2.892877
-2.887250
-2.881654
-2.876244
-2.870945
-2.865613
-2.860403
-2.855195
-2.849814
-2.844583
-2.839344
-2.834060
-2.828860
-2.823688
-2.818292
-2.812833
-2.807221
-2.801415
-2.795472
-2.789606
-2.783683
-2.777742
-2.771961
-2.766092
-2.760164
-2.754309
-2.748448
-2.742541
-2.736932
-2.731277
-2.725813
-2.720342
-2.714875
-2.709239
-2.703605
-2.697709
-2.691916
-2.685927
-2.680023
-2.674005
-2.667945
-2.661725
-2.655433
-2.648969
-2.642586
-2.636112
-2.629816
-2.623684
-2.617478
-2.611495
-2.605510
-2.599348
-2.593353
-2.587416
-2.581252
-2.575480
-2.569585
-2.563564
-2.557600
-2.551477
-2.544995
-2.538624
-2.532027
-2.525409
-2.518814
-2.512234
-2.505581
-2.498897
-2.492149
-2.485410
-2.478609
-2.471967
-2.465478
-2.459026
-2.452754
-2.446541
-2.440221
-2.433915
-2.427571
-2.421145
-2.414740
-2.408385
-2.401941
-2.395467
-2.388856
-2.382089
-2.375110
-2.368111
-2.360935
-2.353867
-2.346799
-2.339742
-2.332729
-2.325756
-2.318576
-2.311625
-2.304620
-2.297624
-2.290969
-2.284330
-2.277659
-2.271230
-2.264611
-2.257817
-2.251209
-2.244315
-2.237494
-2.230692
-2.223808
-2.216800
-2.209773
-2.202394
-2.195097
-2.187491
-2.179992
-2.172521
-2.165051
-2.157607
-2.150361
-2.142830
-2.135483
-2.128145
-2.120771
-2.113592
-2.106598
-2.099598
-2.092735
-2.085870
-2.078880
-2.071864
-2.064754
-2.057642
-2.050480
-2.043341
-2.036116
-2.028818
-2.021315
-2.013684
-2.005914
-1.998053
-1.990156
-1.982377
-1.974551
-1.966739
-1.959028
-1.951158
-1.943304
-1.935589
-1.927836
-1.920264
-1.912922
-1.905546
-1.898319
-1.891083
-1.883709
-1.876441
-1.869033
-1.861678
-1.854425
-1.847048
-1.839617
-1.832243
-1.824399
-1.816626
-1.808682
-1.800578
-1.792492
-1.784533
-1.776304
-1.768251
-1.760004
-1.751728
-1.743378
-1.735132
-1.726935
-1.718899
-1.710949
-1.703187
-1.695358
-1.687561
-1.679867
-1.672076
-1.664432
-1.656904
-1.649430
-1.641935
-1.634521
-1.626880
-1.619187
-1.611323
-1.603467
-1.595444
-1.587508
-1.579459
-1.571323
-1.563038
-1.554642
-1.546021
-1.537445
-1.528764
-1.520153
-1.511670
-1.503104
-1.494596
-1.486155
-1.477521
-1.469052
-1.460728
-1.452369
-1.444302
-1.436399
-1.428393
-1.420558
-1.412668
-1.404743
-1.396843
-1.389065
-1.381283
-1.373570
-1.365773
-1.358026
-1.349923
-1.341829
-1.333620
-1.325243
-1.316857
-1.308574
-1.299978
-1.291434
-1.282736
-1.273782
-1.264818
-1.255815
-1.246783
-1.237842
-1.228973
-1.220045
-1.211196
-1.202226
-1.193365
-1.184474
-1.175820
-1.167203
-1.158853
-1.150528
-1.142300
-1.134024
-1.125905
-1.117621
-1.109594
-1.101640
-1.093694
-1.085850
-1.078052
-1.069985
-1.061952
-1.053827
-1.045557
-1.037322
-1.029093
-1.020770
-1.012308
-1.003743
-0.995009
-0.986001
-0.976996
-0.967973
-0.958766
-0.949663
-0.940563
-0.931130
-0.921810
-0.912351
-0.902761
-0.893326
-0.883994
-0.874611
-0.865494
-0.856270
-0.847098
-0.837970
-0.828860
-0.819882
-0.811113
-0.802448
-0.793962
-0.785581
-0.777181
-0.768857
-0.760528
-0.752371
-0.744194
-0.736287
-0.728396
-0.720526
-0.712589
-0.704739
-0.696561
-0.688574
-0.680514
-0.672451
-0.664346
-0.656313
-0.647970
-0.639546
-0.630962
-0.622265
-0.613373
-0.604577
-0.595687
-0.586565
-0.577447
-0.568126
-0.558468
-0.548856
-0.539140
-0.529242
-0.519530
-0.509671
-0.499663
-0.489686
-0.479471
-0.469217
-0.459035
-0.448801
-0.438693
-0.428704
-0.418586
-0.408592
-0.398522
-0.388464
-0.378502
-0.368713
-0.359044
-0.349545
-0.340152
-0.330869
-0.321548
-0.312369
-0.303395
-0.294435
-0.285843
-0.277438
-0.269111
-0.260899
-0.252920
-0.244805
-0.237000
-0.229342
-0.221944
-0.214610
-0.207664
-0.200654
-0.193745
-0.186956
-0.180342
-0.173693
-0.167502
-0.161363
-0.155330
-0.149520
-0.143681
-0.137844
-0.132252
-0.126655
-0.121279
-0.116170
-0.111022
-0.106084
-0.101179
-0.096202
-0.091410
-0.086734
-0.082137
-0.077803
-0.073582
-0.069408
-0.065307
-0.061231
-0.057282
-0.053352
-0.049708
-0.046249
-0.042850
-0.039628
-0.036560
-0.033356
-0.030403
-0.027632
-0.024935
-0.022551
-0.020405
-0.018333
-0.016357
-0.014617
-0.012883
-0.011386
-0.010162
-0.009247
-0.008395
-0.007995
-0.007548
-0.007309
-0.007262
-0.007441
-0.007782
-0.008639
-0.009499
-0.010750
-0.012134
-0.013567
-0.015245
-0.017183
-0.019191
-0.021644
-0.024278
-0.026993
-0.029930
-0.032913
-0.035962
-0.039150
-0.042538
-0.046082
-0.049702
-0.053453
-0.057229
-0.060828
-0.064513
-0.068236
-0.071805
-0.075581
-0.079330
-0.082907
-0.086409
-0.089807
-0.092894
-0.095955
-0.098921
-0.101797
-0.104517
-0.107175
-0.109548
-0.111649
-0.113638
-0.115373
-0.117010
-0.118623
-0.120082
-0.121371
-0.122651
-0.123495
-0.124420
-0.125194
-0.125906
-0.126702
-0.127636
-0.128291
-0.129206
-0.129943
-0.130686
-0.131537
-0.132602
-0.133714
-0.135090
-0.136571
-0.138160
-0.139732
-0.141524
-0.143454
-0.145470
-0.147841
-0.150373
-0.152895
-0.155609
-0.158328
-0.160981
-0.163805
-0.166714
-0.169644
-0.172680
-0.175645
-0.178536
-0.181226
-0.183881
-0.186374
-0.188845
-0.191254
-0.193584
-0.195691
-0.197727
-0.199385
-0.200988
-0.202489
-0.203803
-0.205212
-0.206583
-0.207694
-0.208862
-0.209950
-0.210784
-0.211911
-0.213029
-0.214243
-0.215595
-0.217112
-0.218493
-0.220076
-0.221692
-0.223537
-0.225431
-0.227718
-0.230022
-0.232406
-0.234872
-0.237369
-0.239779
-0.242415
-0.245044
-0.247729
-0.250442
-0.253024
-0.255486
-0.257794
-0.259950
-0.262087
-0.264106
-0.266079
-0.267946
-0.269619
-0.271113
-0.272463
-0.273664
-0.274957
-0.276099
-0.277434
-0.278717
-0.279902
-0.281130
-0.282466
-0.283617
-0.285208
-0.286872
-0.288620
-0.290598
-0.292667
-0.294625
-0.296784
-0.299031
-0.301336
-0.303813
-0.306370
-0.308912
-0.311297
-0.313712
-0.315901
-0.318081
-0.320213
-0.322325
-0.324274
-0.326193
-0.327775
-0.329327
-0.330648
-0.331919
-0.333259
-0.334562
-0.335817
-0.337182
-0.338368
-0.339583
-0.340913
-0.342285
-0.343891
-0.345645
-0.347508
-0.349516
-0.351436
-0.353501
-0.355656
-0.357800
-0.360151
-0.362641
-0.364875
-0.367270
-0.369430
-0.371434
-0.373371
-0.375360
-0.377104
-0.378952
-0.380565
-0.382078
-0.383336
-0.384614
-0.385747
-0.386986
-0.388260
-0.389599
-0.390952
-0.392323
-0.393663
-0.395172
-0.396769
-0.398478
-0.400547
-0.402542
-0.404620
-0.406815
-0.408854
-0.410903
-0.413159
-0.415238
-0.417432
-0.419567
-0.421447
-0.423266
-0.424855
-0.426324
-0.427840
-0.429213
-0.430577
-0.431985
-0.433102
-0.434267
-0.435448
-0.436571
-0.437904
-0.439415
-0.440982
-0.442632
-0.444389
-0.446103
-0.447940
-0.449843
-0.451961
-0.454032
-0.456250
-0.458289
-0.460320
-0.462098
-0.463894
-0.465587
-0.467277
-0.468789
-0.470414
-0.471658
-0.472840
-0.474035
-0.475061
-0.476174
-0.477543
-0.478762
-0.480157
-0.481629
-0.482952
-0.484535
-0.486189
-0.487913
-0.489957
-0.491929
-0.493880
-0.495918
-0.497729
-0.499479
-0.501387
-0.503074
-0.504790
-0.506426
-0.507889
-0.509076
-0.510304
-0.511381
-0.512478
-0.513636
-0.514928
-0.516070
-0.517332
-0.518597
-0.519876
-0.521329
-0.522947
-0.524724
-0.526555
-0.528426
-0.530267
-0.532051
-0.533730
-0.535599
-0.537256
-0.538987
-0.540625
-0.542022
-0.543272
-0.544482
-0.545446
-0.546625
-0.547732
-0.548816
-0.550069
-0.551160
-0.552239
-0.553570
-0.554862
-0.556321
-0.558093
-0.559793
-0.561493
-0.563286
-0.564945
-0.566546
-0.568229
-0.569958
-0.571449
-0.573009
-0.574357
-0.575472
-0.576489
-0.577608
-0.578492
-0.579662
-0.580723
-0.581830
-0.582903
-0.584048
-0.585182
-0.586601
-0.588020
-0.589699
-0.591378
-0.593023
-0.594641
-0.596197
-0.597715
-0.599235
-0.600728
-0.602190
-0.603466
-0.604572
-0.605639
-0.606479
-0.607375
-0.608414
-0.609381
-0.610454
-0.611581
-0.612667
-0.613766
-0.615055
-0.616440
-0.617963
-0.619537
-0.621258
-0.622713
-0.624178
-0.625621
-0.626892
-0.628191
-0.629543
-0.630642
-0.631716
-0.632661
-0.633386
-0.634269
-0.635066
-0.636037
-0.637130
-0.638237
-0.639323
-0.640614
-0.641723
-0.643098
-0.644553
-0.646086
-0.647565
-0.649102
-0.650391
-0.651574
-0.652696
-0.653782
-0.654763
-0.655806
-0.656719
-0.657510
-0.658289
-0.658986
-0.659805
-0.660787
-0.661783
-0.663059
-0.664284
-0.665437
-0.666763
-0.668058
-0.669243
-0.670797
-0.672076
-0.673339
-0.674508
-0.675486
-0.676246
-0.677137
-0.677838
-0.678727
-0.679481
-0.680296
-0.681064
-0.681820
-0.682654
-0.683713
-0.684809
-0.686082
-0.687415
-0.688648
-0.689850
-0.690995
-0.692129
-0.693209
-0.694319
-0.695306
-0.696160
-0.696887
-0.697469
-0.698064
-0.698727
-0.699401
-0.700264
-0.701198
-0.701939
-0.702984
-0.703953
-0.704897
-0.706182
-0.707462
-0.708528
-0.709813
-0.710785
-0.711553
-0.712430
-0.713160
-0.713863
-0.714596
-0.715263
-0.715788
-0.716360
-0.716894
-0.717613
-0.718388
-0.719422
-0.720395
-0.721495
-0.722484
-0.723457
-0.724457
-0.725491
-0.726404
-0.727428
-0.728212
-0.728805
-0.729386
-0.729824
-0.730264
-0.730841
-0.731465
-0.732117
-0.732768
-0.733485
-0.734228
-0.735015
-0.736007
-0.737103
-0.738045
-0.739123
-0.739943
-0.740656
-0.741280
-0.741955
-0.742470
-0.743095
-0.743542
-0.744038
-0.744317
-0.744792
-0.745279
-0.745928
-0.746720
-0.747616
-0.748429
-0.749318
-0.750060
-0.750874
-0.751713
-0.752425
-0.753228
-0.753841
-0.754194
-0.754617
-0.754888
-0.755130
-0.755625
-0.756099
-0.756579
-0.757213
-0.757714
-0.758363
-0.759049
-0.759861
-0.760717
-0.761596
-0.762253
-0.762924
-0.763350
-0.763715
-0.764092
-0.764530
-0.764793
-0.765153
-0.765510
-0.765648
-0.766025
-0.766560
-0.767052
-0.767788
-0.768650
-0.769189
-0.769925
-0.770479
-0.770960
-0.771529
-0.772024
-0.772378
-0.772763
-0.772856
-0.772984
-0.773159
-0.773331
-0.773718
-0.774191
-0.774677
-0.775176
-0.775682
-0.776222
-0.776773
-0.777377
-0.778031
-0.778502
-0.778827
-0.779122
-0.779160
-0.779266
-0.779406
-0.779649
-0.779788
-0.780096
-0.780322
-0.780589
-0.780891
-0.781514
-0.781954
-0.782602
-0.783176
-0.783530
-0.783793
-0.784063
-0.784135
-0.784352
-0.784493
-0.784558
-0.784649
-0.784626
-0.784668
-0.784880
-0.785159
-0.785591
-0.786086
-0.786540
-0.786865
-0.787198
-0.787482
-0.787716
-0.787913
-0.788204
-0.788112
-0.788118
-0.788015
-0.787879
-0.787868
-0.788100
-0.788224
-0.788604
-0.788812
-0.789084
-0.789376
-0.789619
-0.789952
-0.790307
-0.790397
-0.790482
-0.790442
-0.790169
-0.790051
-0.790010
-0.789951
-0.789989
-0.790126
-0.790143
-0.790208
-0.790471
-0.790671
-0.790981
-0.791325
-0.791466
-0.791474
-0.791464
-0.791175
-0.791113
-0.790969
-0.790797
-0.790754
-0.790620
-0.790400
-0.790457
-0.790489
-0.790632
-0.790956
-0.791137
-0.791287
-0.791247
-0.791201
-0.791061
-0.790902
-0.790754
-0.790644
-0.790257
-0.790042
-0.789772
-0.789545
-0.789520
-0.789660
-0.789749
-0.789857
-0.789925
-0.789869
-0.789753
-0.789699
-0.789590
-0.789367
-0.789154
-0.788754
-0.788310
-0.787993
-0.787650
-0.787570
-0.787550
-0.787496
-0.787483
-0.787479
-0.787254
-0.787293
-0.787173
-0.787056
-0.786806
-0.786522
-0.785980
-0.785508
-0.785065
-0.784774
-0.784464
-0.784379
-0.784198
-0.783983
-0.783867
-0.783719
-0.783626
-0.783569
-0.783352
-0.783108
-0.782644
-0.782042
-0.781607
-0.781093
-0.780618
-0.780455
-0.780029
-0.779708
-0.779484
-0.779232
-0.778995
-0.779022
-0.778776
-0.778569
-0.778152
-0.777653
-0.777009
-0.776538
-0.775964
-0.775528
-0.775115
-0.774616
-0.774154
-0.773885
-0.773504
-0.773330
-0.773278
-0.772914
-0.772573
-0.772159
-0.771462
-0.770896
-0.770363
-0.769774
-0.769220
-0.768662
-0.768068
-0.767575
-0.767085
-0.766900
-0.766594
-0.766343
-0.766011
-0.765526
-0.764877
-0.764336
-0.763664
-0.763088
-0.762435
-0.761775
-0.761093
-0.760392
-0.759870
-0.759441
-0.759103
-0.758793
-0.758426
-0.757904
-0.757344
-0.756647
-0.756072
-0.755384
-0.754675
-0.753998
-0.753171
-0.752362
-0.751724
-0.751159
-0.750682
-0.750336
-0.749893
-0.749375
-0.748716
-0.748118
-0.747409
-0.746697
-0.746026
-0.745208
-0.744327
-0.743461
-0.742663
-0.741974
-0.741428
-0.740924
-0.740525
-0.739815
-0.739254
-0.738576
-0.737775
-0.737100
-0.736413
-0.735421
-0.734613
-0.733632
-0.732655
-0.731958
-0.731260
-0.730666
-0.730174
-0.729493
-0.728773
-0.728110
-0.727294
-0.726511
-0.725794
-0.724863
-0.723831
-0.722877
-0.721893
-0.720876
-0.720289
-0.719572
-0.718890
-0.718252
-0.717531
-0.716617
-0.715944
-0.715046
-0.714253
-0.713291
-0.712261
-0.711174
-0.710111
-0.709095
-0.708339
-0.707563
-0.706847
-0.706116
-0.705302
-0.704431
-0.703564
-0.702743
-0.701828
-0.700791
-0.699801
-0.698567
-0.697437
-0.696442
-0.695514
-0.694681
-0.694001
-0.693046
-0.692301
-0.691312
-0.690382
-0.689511
-0.688563
-0.687411
-0.686415
-0.685116
-0.683894
-0.682856
-0.681903
-0.680965
-0.680181
-0.679334
-0.678314
-0.677364
-0.676431
-0.675376
-0.674378
-0.673304
-0.672055
-0.670798
-0.669558
-0.668384
-0.667436
-0.666426
-0.665621
-0.664642
-0.663618
-0.662586
-0.661572
-0.660429
-0.659447
-0.658181
-0.656970
-0.655627
-0.654305
-0.653165
-0.652113
-0.651092
-0.650223
-0.649189
-0.648075
-0.647010
-0.645871
-0.644735
-0.643558
-0.642354
-0.641010
-0.639578
-0.638334
-0.637089
-0.635975
-0.635018
-0.634033
-0.632887
-0.631816
-0.630569
-0.629418
-0.628155
-0.626963
-0.625645
-0.624232
-0.622810
-0.621513
-0.620224
-0.619140
-0.618131
-0.617042
-0.615904
-0.614664
-0.613435
-0.612090
-0.610853
-0.609542
-0.608129
-0.606715
-0.605279
-0.603863
-0.602713
-0.601526
-0.600430
-0.599427
-0.598046
-0.596786
-0.595510
-0.594022
-0.592694
-0.591427
-0.589838
-0.588420
-0.587013
-0.585580
-0.584355
-0.583246
-0.582109
-0.580857
-0.579591
-0.578145
-0.576706
-0.575264
-0.573860
-0.572392
-0.570966
-0.569388
-0.568003
-0.566637
-0.565333
-0.564239
-0.563024
-0.561657
-0.560293
-0.558772
-0.557189
-0.555755
-0.554247
-0.552783
-0.551274
-0.549771
-0.548329
-0.546971
-0.545731
-0.544471
-0.543234
-0.541766
-0.540206
-0.538648
-0.537061
-0.535385
-0.534091
-0.532469
-0.530915
-0.529551
-0.528052
-0.526602
-0.525483
-0.524067
-0.522639
-0.521166
-0.519452
-0.517774
-0.516166
-0.514588
-0.513094
-0.511602
-0.510077
-0.508584
-0.507169
-0.505734
-0.504401
-0.502999
-0.501428
-0.499714
-0.498084
-0.496231
-0.494673
-0.493126
-0.491627
-0.490114
-0.488646
-0.487068
-0.485668
-0.484143
-0.482725
-0.481191
-0.479461
-0.477710
-0.475950
-0.474196
-0.472593
-0.471128
-0.469651
-0.468080
-0.466588
-0.465061
-0.463412
-0.461928
-0.460425
-0.458577
-0.456934
-0.455079
-0.453255
-0.451620
-0.450120
-0.448548
-0.447178
-0.445511
-0.443959
-0.442299
-0.440651
-0.438997
-0.437354
-0.435528
-0.433717
-0.431912
-0.430193
-0.428564
-0.427109
-0.425627
-0.424032
-0.422401
-0.420688
-0.418911
-0.417216
-0.415441
-0.413757
-0.411868
-0.410074
-0.408346
-0.406689
-0.405068
-0.403722
-0.402029
-0.400396
-0.398609
-0.396787
-0.394916
-0.393172
-0.391408
-0.389638
-0.387792
-0.386101
-0.384368
-0.382733
-0.381261
-0.379622
-0.377922
-0.376127
-0.374154
-0.372305
-0.370431
-0.368647
-0.366943
-0.365188
-0.363370
-0.361744
-0.359983
-0.358420
-0.356730
-0.355061
-0.353143
-0.351203
-0.349219
-0.347376
-0.345496
-0.343857
-0.342145
-0.340393
-0.338626
-0.336934
-0.335194
-0.333427
-0.331722
-0.329836
-0.327765
-0.325866
-0.323911
-0.322056
-0.320412
-0.318750
-0.316987
-0.315296
-0.313384
-0.311656
-0.309771
-0.307962
-0.306071
-0.304115
-0.302056
-0.300209
-0.298313
-0.296668
-0.294978
-0.293299
-0.291518
-0.289582
-0.287683
-0.285792
-0.283848
-0.281978
-0.280052
-0.278077
-0.276161
-0.274323
-0.272634
-0.270944
-0.269174
-0.267459
-0.265403
-0.263397
-0.261438
-0.259504
-0.257519
-0.255757
-0.253805
-0.251910
-0.250055
-0.248367
-0.246532
-0.244818
-0.242963
-0.240897
-0.238852
-0.236809
-0.234791
-0.232993
-0.231126
-0.229279
-0.227499
-0.225547
-0.223717
-0.221975
-0.220028
-0.218166
-0.216111
-0.214021
-0.211929
-0.209992
-0.208125
-0.206412
-0.204532
-0.202785
-0.200812
-0.198889
-0.196952
-0.195061
-0.193077
-0.191024
-0.188983
-0.186968
-0.184935
-0.183181
-0.181481
-0.179584
-0.177798
-0.175847
-0.173723
-0.171747
-0.169777
-0.167774
-0.165775
-0.163827
-0.161775
-0.159891
-0.158055
-0.156298
-0.154453
-0.152614
-0.150449
-0.148437
-0.146319
-0.144239
-0.142371
-0.140468
-0.138443
-0.136612
-0.134658
-0.132748
-0.130970
-0.129042
-0.127094
-0.124990
-0.122806
-0.120766
-0.118713
-0.116820
-0.115025
-0.113160
-0.111181
-0.109294
-0.107310
-0.105376
-0.103353
-0.101467
-0.099255
-0.097141
-0.095142
-0.093143
-0.091252
-0.089576
-0.087647
-0.085704
-0.083722
-0.081606
-0.079595
-0.077591
-0.075564
-0.073528
-0.071505
-0.069456
-0.067545
-0.065778
-0.063891
-0.062024
-0.060075
-0.057899
-0.055724
-0.053773
-0.051629
-0.049757
-0.047804
-0.045823
-0.043869
-0.041949
-0.040037
-0.038239
-0.036176
-0.034155
-0.032046
-0.029795
-0.027778
-0.025872
-0.023963
-0.022090
-0.020215
-0.018239
-0.016183
-0.014268
-0.012308
-0.010225
-0.008180
-0.006110
-0.003886
-0.002015
-0.000072
0.001726
0.003545
0.005492
0.007584
0.009576
0.011734
0.013736
0.015702
0.017745
0.019819
0.021771
0.023704
0.025642
0.027381
0.029282
0.031358
0.033418
0.035587
0.037704
0.039668
0.041627
0.043517
0.045430
0.047505
0.049299
0.051297
0.053231
0.055138
0.057206
0.059444
0.061472
0.063556
0.065466
0.067313
0.069103
0.071051
0.073069
0.075027
0.077086
0.079084
0.081036
0.083151
0.085191
0.087213
0.089232
0.091012
0.092787
0.094751
0.096598
0.098724
0.100851
0.102924
0.104842
0.106894
0.108791
0.110752
0.112708
0.114669
0.116447
0.118355
0.120268
0.122318
0.124462
0.126529
0.128630
0.130516
0.132284
0.134237
0.136111
0.137992
0.140056
0.141973
0.143854
0.145928
0.147921
0.150045
0.152027
0.154010
0.155775
0.157571
0.159391
0.161363
0.163349
0.165481
0.167395
0.169427
0.171375
0.173249
0.175299
0.177235
0.179000
0.180881
0.182698
0.184551
0.186610
0.188738
0.190770
0.192748
0.194616
0.196482
0.198246
0.200214
0.202081
0.204030
0.205835
0.207800
0.209761
0.211786
0.213807
0.215894
0.217623
0.219425
0.221222
0.222980
0.224946
0.226949
0.228911
0.230874
0.232759
0.234699
0.236641
0.238550
0.240430
0.242210
0.243938
0.245774
0.247597
0.249744
0.251688
0.253690
0.255619
0.257404
0.259115
0.261086
0.262848
0.264724
0.266557
0.268405
0.270252
0.272207
0.274257
0.276223
0.278045
0.279847
0.281528
0.283247
0.285079
0.287034
0.288941
0.290841
0.292701
0.294619
0.296390
0.298387
0.300167
0.301957
0.303620
0.305364
0.307138
0.309103
0.311026
0.313065
0.314863
0.316643
0.318390
0.320118
0.321955
0.323720
0.325497
0.327335
0.329026
0.330938
0.332942
0.334776
0.336626
0.338435
0.339955
0.341672
0.343391
0.345290
0.347076
0.348999
0.350793
0.352572
0.354329
0.356240
0.357939
0.359699
0.361325
0.362972
0.364696
0.366508
0.368448
0.370363
0.372116
0.373857
0.375501
0.377168
0.378867
0.380653
0.382349
0.384069
0.385766
0.387612
0.389371
0.391320
0.392993
0.394716
0.396261
0.397791
0.399502
0.401326
0.402990
0.404927
0.406647
0.408231
0.410039
0.411753
0.413392
0.415074
0.416674
0.418232
0.419847
0.421668
0.423480
0.425280
0.427010
0.428638
0.430124
0.431790
0.433321
0.435103
0.436721
0.438354
0.440038
0.441755
0.443408
0.445253
0.446874
0.448405
0.449912
0.451408
0.452997
0.454721
0.456475
0.458172
0.459842
0.461406
0.462941
0.464663
0.466160
0.467714
0.469338
0.470783
0.472289
0.474185
0.475762
0.477493
0.479144
0.480585
0.481984
0.483526
0.485070
0.486685
0.488291
0.489891
0.491445
0.493023
0.494675
0.496234
0.497830
0.499215
0.500588
0.502125
0.503581
0.505256
0.506994
0.508528
0.510021
0.511555
0.512890
0.514463
0.515928
0.517409
0.518878
0.520351
0.521822
0.523492
0.525113
0.526575
0.528085
0.529442
0.530661
0.532146
0.533740
0.535136
0.536778
0.538290
0.539632
0.541155
0.542625
0.544066
0.545457
0.546795
0.548120
0.549538
0.551015
0.552643
0.554150
0.555615
0.556912
0.558213
0.559590
0.560887
0.562397
0.563807
0.565139
0.566571
0.568036
0.569423
0.570972
0.572250
0.573541
0.574782
0.575985
0.577421
0.578918
0.580342
0.581761
0.583151
0.584362
0.585652
0.587041
0.588345
0.589556
0.590904
0.592184
0.593466
0.594995
0.596390
0.597754
0.598936
0.600139
0.601285
0.602544
0.603881
0.605307
0.606555
0.607898
0.609131
0.610420
0.611747
0.612942
0.614177
0.615315
0.616408
0.617735
0.619073
0.620440
0.621777
0.622971
0.624086
0.625219
0.626322
0.627670
0.628797
0.630055
0.631238
0.632479
0.633687
0.635006
0.636213
0.637349
0.638297
0.639444
0.640560
0.641731
0.643120
0.644367
0.645453
0.646592
0.647702
0.648769
0.649896
0.651082
0.652077
0.653189
0.654332
0.655529
0.656753
0.658010
0.658927
0.660041
0.660915
0.661931
0.663124
0.664300
0.665376
0.666556
0.667558
0.668628
0.669697
0.670774
0.671789
0.672706
0.673680
0.674731
0.675838
0.677048
0.678113
0.679220
0.680033
0.680928
0.681959
0.682947
0.683890
0.685131
0.685965
0.686968
0.688072
0.689081
0.690028
0.691026
0.691826
0.692647
0.693625
0.694646
0.695724
0.696816
0.697714
0.698552
0.699477
0.700289
0.701202
0.702241
0.703010
0.703954
0.704878
0.705855
0.706827
0.707807
0.708592
0.709391
0.710062
0.710964
0.711893
0.712876
0.713810
0.714678
0.715522
0.716235
0.717118
0.718021
0.718696
0.719513
0.720373
0.721076
0.722056
0.723053
0.723814
0.724622
0.725252
0.725941
0.726673
0.727534
0.728397
0.729236
0.729989
0.730742
0.731501
0.732297
0.733025
0.733690
0.734398
0.734988
0.735796
0.736633
0.737521
0.738243
0.738918
0.739529
0.740094
0.740759
0.741564
0.742263
0.742951
0.743672
0.744323
0.745083
0.745734
0.746434
0.747026
0.747450
0.748114
0.748809
0.749519
0.750298
0.751024
0.751506
0.752061
0.752581
0.753258
0.753778
0.754473
0.755051
0.755578
0.756269
0.756932
0.757505
0.758145
0.758520
0.758935
0.759531
0.760061
0.760728
0.761474
0.761940
0.762419
0.762902
0.763427
0.763839
0.764471
0.764891
0.765369
0.765868
0.766477
0.767028
0.767639
0.767952
0.768390
0.768725
0.769074
0.769710
0.770283
0.770715
0.771221
0.771634
0.771984
0.772408
0.772909
0.773237
0.773575
0.773998
0.774437
0.774874
0.775533
0.775797
0.776190
0.776436
0.776648
0.777065
0.777586
0.777895
0.778394
0.778717
0.778997
0.779368
0.779735
0.780049
0.780274
0.780533
0.780858
0.781203
0.781669
0.782062
0.782381
0.782504
0.782697
0.782943
0.783252
0.783532
0.783972
0.784155
0.784411
0.784689
0.784994
0.785219
0.785382
0.785581
0.785686
0.785909
0.786300
0.786626
0.786853
0.787077
0.787080
0.787230
0.787409
0.787594
0.787886
0.788039
0.788207
0.788364
0.788613
0.788796
0.788880
0.788977
0.789042
0.789005
0.789312
0.789596
0.789694
0.789931
0.789910
0.789904
0.789958
0.790090
0.790200
0.790335
0.790336
0.790482
0.790591
0.790687
0.790776
0.790821
0.790678
0.790613
0.790775
0.790835
0.790977
0.791162
0.791028
0.790986
0.790950
0.790922
0.790944
0.791016
0.790884
0.790954
0.790934
0.791009
0.790968
0.791025
0.790774
0.790586
0.790608
0.790570
0.790575
0.790732
0.790573
0.790405
0.790314
0.790154
0.790120
0.790019
0.789862
0.789837
0.789642
0.789656
0.789629
0.789518
0.789227
0.789045
0.788784
0.788693
0.788613
0.788664
0.788441
0.788248
0.788030
0.787798
0.787633
0.787462
0.787247
0.787027
0.786822
0.786704
0.786573
0.786434
0.786118
0.785752
0.785463
0.785224
0.784987
0.785015
0.784718
0.784424
0.784137
0.783850
0.783528
0.783281
0.783029
0.782663
0.782334
0.782171
0.781954
0.781657
0.781412
0.780885
0.780509
0.780137
0.779836
0.779721
0.779383
0.778991
0.778686
0.778229
0.777824
0.777581
0.777121
0.776707
0.776335
0.775986
0.775687
0.775402
0.774995
0.774425
0.774001
0.773435
0.773091
0.772850
0.772462
0.771958
0.771618
0.771031
0.770570
0.770182
0.769720
0.769157
0.768678
0.768293
0.767859
0.767470
0.767050
0.766403
0.765822
0.765211
0.764779
0.764391
0.763934
0.763405
0.762950
0.762210
0.761788
0.761223
0.760675
0.760075
0.759495
0.758957
0.758507
0.757989
0.757501
0.756803
0.756081
0.755452
0.754848
0.754403
0.753886
0.753248
0.752683
0.751958
0.751320
0.750724
0.750155
0.749355
0.748754
0.748157
0.747546
0.746949
0.746464
0.745594
0.744815
0.744122
0.743418
0.742857
0.742271
0.741606
0.740867
0.740104
0.739383
0.738701
0.737997
0.737205
0.736462
0.735791
0.735079
0.734437
0.733833
0.732861
0.732065
0.731247
0.730425
0.729862
0.729149
0.728365
0.727617
0.726731
0.725869
0.725221
0.724332
0.723514
0.722677
0.721943
0.721103
0.720422
0.719682
0.718692
0.717732
0.716886
0.716028
0.715278
0.714559
0.713721
0.712790
0.711851
0.710990
0.710136
0.709221
0.708377
0.707394
0.706596
0.705692
0.704939
0.704035
0.703038
0.701965
0.701050
0.700106
0.699336
0.698468
0.697581
0.696553
0.695519
0.694599
0.693633
0.692694
0.691739
0.690675
0.689844
0.688837
0.687938
0.687052
0.685898
0.684707
0.683859
0.682755
0.681897
0.681029
0.680002
0.678839
0.677803
0.676776
0.675715
0.674739
0.673689
0.672602
0.671601
0.670606
0.669585
0.668579
0.667343
0.666170
0.665135
0.664056
0.663138
0.662122
0.661024
0.659793
0.658659
0.657544
0.656467
0.655397
0.654257
0.653128
0.652057
0.650942
0.649851
0.648786
0.647392
0.646244
0.645104
0.644016
0.642972
0.641896
0.640692
0.639378
0.638121
0.637063
0.635834
0.634672
0.633587
0.632286
0.631108
0.630037
0.628767
0.627578
0.626219
0.624969
0.623742
0.622693
0.621493
0.620349
0.619013
0.617661
0.616323
0.615217
0.613930
0.612735
0.611515
0.610172
0.608952
0.607718
0.606427
0.605135
0.603726
0.602400
0.601201
0.600041
0.598740
0.597515
0.596100
0.594616
0.593290
0.592173
0.590732
0.589546
0.588230
0.586788
0.585501
0.584202
0.582832
0.581442
0.579999
0.578673
0.577402
0.576111
0.574855
0.573377
0.571911
0.570456
0.569044
0.567836
0.566470
0.565090
0.563693
0.562252
0.560829
0.559461
0.558064
0.556575
0.555117
0.553741
0.552436
0.551044
0.549679
0.548080
0.546625
0.545040
0.543697
0.542412
0.540977
0.539461
0.538054
0.536501
0.534992
0.533622
0.532162
0.530554
0.529123
0.527744
0.526245
0.524861
0.523376
0.521638
0.520199
0.518607
0.517230
0.515874
0.514365
0.512745
0.511260
0.509613
0.508165
0.506639
0.505148
0.503570
0.502011
0.500584
0.499082
0.497523
0.495921
0.494245
0.492688
0.491140
0.489738
0.488278
0.486651
0.484955
0.483399
0.481750
0.480231
0.478683
0.477167
0.475473
0.473895
0.472445
0.470783
0.469162
0.467513
0.465828
0.464186
0.462756
0.461212
0.459617
0.457919
0.456208
0.454475
0.452969
0.451379
0.449715
0.448207
0.446438
0.444772
0.443282
0.441538
0.439845
0.438161
0.436460
0.434871
0.433342
0.431682
0.430065
0.428169
0.426473
0.424785
0.423243
0.421562
0.419933
0.418250
0.416454
0.414749
0.413187
0.411389
0.409640
0.407962
0.406265
0.404615
0.403020
0.401289
0.399482
0.397602
0.395952
0.394214
0.392672
0.390955
0.389194
0.387392
0.385647
0.383870
0.382198
0.380473
0.378655
0.376896
0.375266
0.373559
0.371739
0.370060
0.368100
0.366269
0.364642
0.362919
0.361285
0.359482
0.357580
0.355810
0.353989
0.352194
0.350574
0.348727
0.346879
0.345159
0.343423
0.341627
0.339763
0.338005
0.336012
0.334283
0.332617
0.330886
0.329068
0.327233
0.325236
0.323457
0.321669
0.319916
0.318142
0.316313
0.314440
0.312603
0.310847
0.309024
0.307054
0.305262
0.303386
0.301636
0.299857
0.298142
0.296145
0.294194
0.292301
0.290538
0.288698
0.287001
0.285078
0.283193
0.281312
0.279381
0.277672
0.275737
0.273763
0.272016
0.270140
0.268291
0.266556
0.264605
0.262569
0.260673
0.258812
0.257048
0.255228
0.253413
0.251370
0.249466
0.247584
0.245644
0.243886
0.241965
0.239993
0.238151
0.236352
0.234403
0.232528
0.230526
0.228583
0.226618
0.224883
0.223087
0.221148
0.219167
0.217177
0.215228
0.213342
0.211497
0.209661
0.207652
0.205745
0.203811
0.201974
0.199991
0.198018
0.196052
0.194178
0.192180
0.190540
0.188534
0.186486
0.184532
0.182496
0.180602
0.178829
0.176884
0.174935
0.172978
0.170966
0.169034
0.167161
0.165197
0.163143
0.161253
0.159417
0.157399
0.155598
0.153556
0.151461
0.149468
0.147597
0.145754
0.143854
0.141865
0.139860
0.137830
0.135836
0.133990
0.132024
0.130072
0.128034
0.126171
0.124226
0.122261
0.120272
0.118233
0.116206
0.114273
0.112466
0.110580
0.108504
0.106529
0.104434
0.102449
0.100621
0.098679
0.096664
0.094818
0.092638
0.090800
0.088871
0.086841
0.084786
0.082885
0.080919
0.079014
0.077162
0.075209
0.073049
0.071052
0.069157
0.067236
0.065422
0.063471
0.061477
0.059521
0.057495
0.055701
0.053768
0.051822
0.049889
0.048062
0.046204
0.044370
0.042477
0.040555
0.038592
0.036794
0.035132
0.033371
0.031628
0.029751
0.027956
0.026168
0.024575
0.022910
0.021264
0.019683
0.017979
0.016455
0.015075
0.013403
0.011907
0.010538
0.009077
0.007831
0.006712
0.005373
0.004107
0.002805
0.001807
0.000735
-0.000103
-0.001035
-0.001933
-0.002803
-0.003554
-0.004220
-0.004760
-0.005436
-0.005917
-0.006262
-0.006615
-0.006803
-0.007049
-0.007302
-0.007471
-0.007517
-0.007314
-0.007179
-0.006978
-0.006860
-0.006671
-0.006382
-0.005959
-0.005572
-0.005075
-0.004641
-0.004213
-0.003615
-0.002999
-0.002558
-0.002115
-0.001447
-0.001043
-0.000368
0.000331
0.000735
0.001115
0.001516
0.001881
0.002364
0.002735
0.003054
0.003263
0.003382
0.003523
0.003652
0.003671
0.003620
0.003441
0.003484
0.003264
0.003167
0.002868
0.002477
0.002053
0.001759
0.001455
0.001216
0.000772
0.000328
-0.000127
-0.000516
-0.000801
-0.001164
-0.001404
-0.001707
-0.002030
-0.002071
-0.002194
-0.002408
-0.002530
-0.002471
-0.002512
-0.002293
-0.002006
-0.001931
-0.001851
-0.001601
-0.001377
-0.000986
-0.000579
-0.000353
0.000032
0.000225
0.000565
0.000889
0.001125
0.001285
0.001460
0.001673
0.001874
0.001912
0.001933
0.001773
0.001629
0.001591
0.001523
0.001405
0.001183
0.000765
0.000560
0.000228
0.000053
-0.000270
-0.000462
-0.000760
-0.001012
-0.001099
-0.001178
-0.001510
-0.001563
-0.001548
-0.001579
-0.001358
-0.001190
-0.001164
-0.001113
-0.000906
-0.000661
-0.000343
-0.000013
0.000120
0.000391
0.000573
0.000763
0.001006
0.001109
0.001131
0.001235
0.001311
0.001361
0.001281
0.001045
0.000908
0.000626
0.000598
0.000440
0.000253
-0.000035
-0.000379
-0.000585
-0.000669
-0.000870
-0.000963
-0.001048
-0.001114
-0.001154
-0.001016
-0.000935
-0.000997
-0.000879
-0.000531
-0.000441
-0.000041
0.000122
0.000198
0.000313
0.000542
0.000729
0.000966
0.001016
0.000980
0.000980
0.000945
0.000873
0.000761
0.000628
0.000371
0.000265
0.000134
-0.000041
-0.000287
-0.000607
-0.000713
-0.000817
-0.000801
-0.000768
-0.000859
-0.000885
-0.000900
-0.000760
-0.000490
-0.000359
-0.000271
0.000048
0.000117
0.000347
0.000521
0.000662
0.000595
0.000725
0.000906
0.000879
0.000835
0.000735
0.000416
0.000336
0.000246
0.000120
0.000007
-0.000237
-0.000513
-0.000556
-0.000692
-0.000692
-0.000806
-0.000748
-0.000726
-0.000598
-0.000430
-0.000324
-0.000272
-0.000170
0.000103
0.000340
0.000545
0.000608
0.000625
0.000597
0.000657
0.000652
0.000743
0.000568
0.000314
0.000321
0.000111
-0.000103
-0.000184
-0.000408
-0.000563
-0.000589
-0.000507
-0.000610
-0.000652
-0.000683
-0.000601
-0.000439
-0.000111
-0.000074
0.000128
0.000164
0.000253
0.000468
0.000587
0.000628
0.000603
0.000580
0.000614
0.000464
0.000354
0.000177
-0.000059
-0.000164
-0.000162
-0.000290
-0.000390
-0.000634
-0.000686
-0.000625
-0.000534
-0.000426
-0.000284
-0.000222
-0.000240
0.000109
0.000215
0.000275
0.000412
0.000514
0.000519
0.000658
0.000584
0.000455
0.000260
0.000163
0.000126
0.000045
-0.000047
-0.000310
-0.000507
-0.000500
-0.000592
-0.000473
-0.000458
-0.000410
-0.000402
-0.000208
-0.000039
0.000062
0.000092
0.000310
0.000361
0.000538
0.000625
0.000498
0.000439
0.000251
0.000218
0.000290
0.000105
-0.000101
-0.000223
-0.000388
-0.000511
-0.000423
-0.000433
-0.000516
-0.000427
-0.000283
-0.000177
-0.000060
0.000029
0.000064
0.000274
0.000387
0.000592
0.000485
0.000474
0.000293
0.000228
0.000289
0.000200
-0.000028
-0.000117
-0.000295
-0.000405
-0.000409
-0.000414
-0.000469
-0.000462
-0.000297
-0.000145
-0.000076
0.000039
-0.000007
0.000242
0.000332
0.000456
0.000590
0.000424
0.000242
0.000269
0.000207
0.000104
0.000020
-0.000159
-0.000272
-0.000398
-0.000343
-0.000420
-0.000454
-0.000391
-0.000276
-0.000099
0.000057
0.000089
0.000083
0.000208
0.000379
0.000390
0.000558
0.000416
0.000205
0.000139
0.000148
-0.000047
-0.000068
-0.000267
-0.000305
-0.000387
-0.000361
-0.000346
-0.000376
-0.000315
-0.000202
0.000074
0.000202
0.000174
0.000259
0.000268
0.000290
0.000443
0.000440
0.000290
0.000129
-0.000018
-0.000030
-0.000193
-0.000241
-0.000313
-0.000448
-0.000287
-0.000297
-0.000259
-0.000194
-0.000130
-0.000069
0.000268
0.000369
0.000332
0.000299
0.000319
0.000222
0.000288
0.000273
0.000091
-0.000079
-0.000203
-0.000250
-0.000260
-0.000405
-0.000339
-0.000354
-0.000194
-0.000113
0.000008
0.000047
0.000049
0.000174
0.000405
0.000432
0.000365
0.000288
0.000120
0.000076
0.000007
0.000026
-0.000210
-0.000273
-0.000310
-0.000388
-0.000244
-0.000254
-0.000309
-0.000062
0.000069
0.000160
0.000283
0.000280
0.000190
0.000250
0.000327
0.000376
0.000128
0.000043
-0.000152
-0.000205
-0.000261
-0.000232
-0.000294
-0.000337
-0.000260
-0.000155
-0.000036
0.000011
0.000021
0.000213
0.000324
0.000345
0.000398
0.000248
0.000050
0.000078
0.000039
-0.000002
-0.000129
-0.000272
-0.000371
-0.000352
-0.000196
-0.000270
-0.000082
-0.000039
0.000031
0.000191
0.000326
0.000213
0.000224
0.000222
0.000320
0.000196
0.000084
-0.000019
-0.000299
-0.000295
-0.000191
-0.000241
-0.000207
-0.000274
-0.000199
-0.000072
0.000077
0.000112
0.000242
0.000248
0.000266
0.000335
0.000289
0.000067
-0.000028
-0.000053
-0.000124
-0.000077
-0.000243
-0.000317
-0.000367
-0.000252
-0.000105
0.000018
0.000122
0.000094
0.000131
0.000322
0.000282
0.000224
0.000182
0.000155
0.000002
-0.000006
-0.000091
-0.000271
-0.000433
-0.000202
-0.000227
-0.000076
-0.000049
-0.000105
0.000039
0.000127
0.000256
0.000361
0.000275
0.000161
0.000145
0.000084
0.000005
-0.000154
-0.000216
-0.000237
-0.000241
-0.000161
-0.000193
-0.000195
-0.000122
0.000039
0.000228
0.000296
0.000303
0.000100
0.000209
0.000172
0.000086
0.000049
-0.000029
-0.000281
-0.000235
-0.000195
-0.000228
-0.000274
-0.000142
-0.000014
0.000082
0.000217
0.000197
0.000141
0.000198
0.000179
0.000298
0.000135
-0.000031
-0.000178
-0.000248
-0.000182
-0.000216
-0.000210
-0.000153
-0.000157
-0.000045
0.000168
0.000077
0.000209
0.000180
0.000251
0.000294
0.000190
-0.000034
-0.000121
-0.000142
-0.000198
-0.000146
-0.000114
-0.000291
-0.000248
-0.000074
0.000078
0.000102
0.000201
0.000217
0.000224
0.000182
0.000245
0.000030
-0.000066
-0.000091
-0.000133
-0.000106
-0.000221
-0.000283
-0.000273
-0.000083
0.000044
0.000139
0.000216
0.000132
0.000118
0.000262
0.000185
0.000135
0.000026
-0.000131
-0.000108
-0.000150
-0.000281
-0.000198
-0.000254
-0.000064
-0.000001
0.000186
0.000136
0.000054
0.000152
0.000295
0.000201
0.000147
0.000056
-0.000161
-0.000218
-0.000145
-0.000156
-0.000240
-0.000152
-0.000115
-0.000001
0.000139
0.000082
0.000149
0.000198
0.000233
0.000234
0.000119
-0.000022
-0.000224
-0.000163
-0.000136
-0.000113
-0.000192
-0.000179
-0.000149
0.000030
0.000090
0.000218
0.000182
0.000196
0.000178
0.000142
0.000135
-0.000127
-0.000212
-0.000051
-0.000197
-0.000152
-0.000139
-0.000198
-0.000144
0.000082
0.000224
0.000238
0.000166
0.000142
0.000118
0.000088
0.000087
-0.000112
-0.000125
-0.000216
-0.000159
-0.000191
-0.000113
-0.000131
-0.000053
0.000185
0.000253
0.000183
0.000162
0.000067
0.000084
0.000094
0.000028
-0.000106
-0.000198
-0.000304
-0.000181
-0.000077
-0.000039
-0.000088
0.000134
0.000164
0.000159
0.000238
0.000117
0.000072
0.000012
0.000072
-0.000029
-0.000248
-0.000262
-0.000213
-0.000171
0.000063
0.000034
0.000015
0.000122
0.000132
0.000191
0.000250
0.000095
0.000008
-0.000075
-0.000017
-0.000205
-0.000199
-0.000244
-0.000131
-0.000017
0.000072
0.000105
0.000082
0.000081
0.000172
0.000258
0.000173
0.000000
-0.000156
-0.000106
-0.000190
-0.000179
-0.000090
-0.000142
-0.000108
0.000060
0.000176
0.000100
0.000117
0.000201
0.000104
0.000200
0.000015
-0.000153
-0.000216
-0.000191
-0.000155
-0.000028
-0.000089
-0.000045
-0.000057
0.000141
0.000262
0.000140
0.000171
0.000109
0.000004
0.000001
-0.000116
-0.000182
-0.000232
-0.000151
-0.000055
0.000031
-0.000012
-0.000044
0.000154
0.000226
0.000210
0.000175
0.000079
-0.000159
-0.000081
-0.000107
-0.000089
-0.000224
-0.000134
-0.000074
-0.000002
0.000111
0.000103
0.000108
0.000184
0.000205
0.000121
-0.000012
-0.000091
-0.000255
-0.000141
-0.000016
-0.000126
-0.000146
-0.000036
-0.000017
0.000170
0.000208
0.000174
0.000163
-0.000004
0.000073
-0.000038
-0.000121
-0.000222
-0.000185
-0.000063
-0.000030
-0.000070
0.000032
0.000051
0.000130
0.000251
0.000261
0.000027
-0.000069
-0.000076
-0.000098
-0.000127
-0.000074
-0.000233
-0.000089
-0.000000
0.000057
0.000117
0.000139
0.000157
0.000110
0.000192
0.000028
-0.000146
-0.000215
-0.000107
-0.000097
-0.000080
-0.000077
-0.000051
-0.000041
0.000160
0.000234
0.000180
0.000130
-0.000021
-0.000007
0.000027
-0.000222
-0.000132
-0.000165
-0.000108
-0.000024
0.000055
0.000039
0.000038
0.000150
0.000251
0.000162
0.000037
-0.000085
-0.000198
-0.000096
-0.000083
-0.000110
-0.000133
-0.000038
0.000004
0.000082
0.000242
0.000128
0.000041
0.000160
0.000047
-0.000040
-0.000194
-0.000166
-0.000187
-0.000041
-0.000014
0.000030
-0.000014
0.000046
0.000155
0.000259
0.000148
-0.000003
-0.000063
-0.000113
-0.000091
-0.000179
-0.000083
-0.000116
-0.000090
0.000154
0.000099
0.000082
0.000138
0.000075
0.000148
0.000089
-0.000077
-0.000236
-0.000179
-0.000120
-0.000043
-0.000025
0.000076
-0.000044
0.000098
0.000210
0.000191
0.000045
-0.000012
0.000000
-0.000120
-0.000129
-0.000147
-0.000193
-0.000039
0.000043
0.000133
0.000142
0.000049
0.000046
0.000156
0.000137
-0.000035
-0.000110
-0.000204
-0.000176
-0.000107
0.000025
-0.000043
0.000072
0.000060
0.000200
0.000132
0.000089
0.000019
-0.000094
0.000026
-0.000066
-0.000252
-0.000135
-0.000101
-0.000025
0.000160
0.000190
0.000076
0.000028
0.000089
0.000127
-0.000015
-0.000084
-0.000158
-0.000177
-0.000080
-0.000087
0.000030
0.000002
0.000138
0.000155
0.000196
0.000082
-0.000083
-0.000062
0.000001
-0.000097
-0.000101
-0.000162
-0.000155
-0.000001
0.000157
0.000143
0.000155
0.000082
0.000031
0.000028
0.000046
-0.000155
-0.000180
-0.000096
-0.000060
-0.000031
-0.000067
0.000130
0.000035
0.000177
0.000251
0.000055
-0.000106
-0.000093
-0.000127
-0.000031
-0.000088
-0.000125
-0.000071
0.000013
0.000120
0.000158
0.000145
0.000089
-0.000009
0.000063
-0.000080
-0.000150
-0.000200
-0.000105
0.000014
0.000024
0.000075
-0.000001
0.000095
0.000180
0.000135
0.000043
-0.000019
-0.000236
-0.000158
-0.000027
-0.000051
-0.000108
0.000031
0.000108
0.000111
0.000134
0.000115
-0.000001
0.000003
-0.000044
-0.000015
-0.000233
-0.000165
-0.000085
0.000022
0.000198
0.000079
0.000047
0.000094
0.000073
0.000045
0.000044
-0.000152
-0.000154
-0.000160
-0.000032
-0.000023
0.000010
0.000073
0.000119
0.000207
0.000108
-0.000057
-0.000044
-0.000081
-0.000042
-0.000122
-0.000048
-0.000143
-0.000100
0.000160
0.000231
0.000083
0.000077
0.000044
-0.000040
-0.000022
-0.000095
-0.000133
-0.000150
-0.000028
0.000009
0.000077
0.000057
0.000072
0.000148
0.000147
0.000057
-0.000132
-0.000205
-0.000061
-0.000131
0.000040
-0.000022
-0.000032
0.000066
0.000139
0.000141
0.000147
-0.000036
-0.000095
-0.000047
-0.000086
-0.000143
-0.000169
0.000054
0.000041
0.000120
0.000151
0.000063
-0.000008
0.000033
0.000099
-0.000064
-0.000206
-0.000133
-0.000149
0.000040
0.000103
0.000075
0.000066
0.000134
0.000054
0.000067
-0.000036
-0.000116
-0.000144
-0.000062
-0.000029
-0.000079
-0.000027
0.000060
0.000213
0.000155
0.000090
-0.000046
-0.000115
-0.000036
-0.000100
-0.000055
-0.000038
-0.000181
0.000059
0.000164
0.000135
0.000049
0.000097
0.000026
-0.000025
-0.000117
-0.000091
-0.000200
-0.000054
0.000078
0.000067
0.000073
0.000017
0.000105
0.000090
0.000127
-0.000057
-0.000215
-0.000116
-0.000091
-0.000051
0.000061
0.000028
0.000068
0.000113
0.000139
0.000053
-0.000027
-0.000122
-0.000040
-0.000065
-0.000083
-0.000160
-0.000004
0.000111
0.000169
0.000128
0.000090
-0.000021
-0.000141
0.000055
-0.000036
-0.000180
-0.000092
-0.000061
0.000048
0.000119
0.000099
0.000098
0.000043
0.000088
-0.000042
-0.000129
-0.000151
-0.000103
-0.000064
0.000122
0.000022
0.000017
0.000027
0.000190
0.000110
-0.000007
-0.000062
-0.000204
-0.000085
-0.000065
-0.000024
0.000047
0.000029
0.000075
0.000171
0.000104
-0.000035
-0.000090
-0.000009
-0.000050
-0.000128
-0.000119
-0.000024
-0.000011
0.000179
0.000196
0.000070
-0.000063
0.000024
-0.000079
-0.000020
-0.000064
-0.000188
-0.000046
0.000038
0.000114
0.000077
0.000071
0.000126
0.000012
-0.000017
-0.000059
-0.000196
-0.000132
-0.000010
0.000086
0.000044
0.000024
0.000026
0.000145
0.000113
0.000025
-0.000150
-0.000067
-0.000192
-0.000049
0.000059
-0.000003
0.000043
0.000094
0.000179
0.000046
-0.000052
-0.000053
-0.000076
-0.000069
-0.000033
-0.000117
-0.000076
0.000105
0.000166
0.000116
0.000120
-0.000058
-0.000116
-0.000031
-0.000004
-0.000133
-0.000085
-0.000055
0.000130
0.000068
0.000103
0.000095
-0.000005
0.000045
-0.000067
-0.000119
-0.000130
-0.000136
0.000038
0.000152
0.000080
-0.000007
0.000052
0.000117
0.000005
-0.000012
-0.000114
-0.000180
-0.000096
0.000049
0.000025
0.000102
0.000037
0.000146
0.000034
0.000042
-0.000075
-0.000203
-0.000021
0.000006
-0.000063
-0.000047
0.000070
0.000083
0.000148
0.000137
-0.000017
-0.000137
-0.000131
-0.000057
0.000007
-0.000070
-0.000019
0.000050
0.000139
0.000118
0.000033
-0.000025
0.000024
-0.000145
-0.000034
-0.000093
-0.000137
0.000025
0.000138
0.000175
0.000045
0.000009
-0.000038
-0.000027
0.000026
-0.000106
-0.000162
-0.000053
0.000033
0.000099
0.000091
0.000139
0.000005
-0.000024
0.000031
-0.000068
-0.000231
-0.000029
-0.000017
0.000101
0.000040
0.000026
0.000072
0.000081
0.000081
-0.000049
-0.000106
-0.000189
-0.000085
0.000030
0.000104
0.000044
0.000011
0.000124
0.000093
-0.000043
-0.000024
-0.000141
-0.000092
-0.000004
-0.000027
-0.000038
0.000086
0.000099
0.000157
0.000045
-0.000000
-0.000183
-0.000141
0.000052
-0.000026
-0.000056
-0.000025
0.000116
0.000095
0.000095
0.000085
-0.000088
-0.000095
-0.000053
-0.000102
-0.000025
-0.000061
0.000058
0.000160
0.000142
-0.000010
-0.000035
-0.000057
0.000031
-0.000101
-0.000071
-0.000095
-0.000050
0.000125
0.000163
0.000099
-0.000012
0.000011
-0.000110
-0.000012
-0.000058
-0.000157
-0.000024
0.000103
0.000099
0.000041
0.000025
0.000106
-0.000034
-0.000024
-0.000064
-0.000174
-0.000132
0.000086
0.000118
0.000111
0.000012
0.000021
0.000028
0.000031
-0.000054
-0.000175
-0.000040
-0.000067
0.000049
0.000087
0.000060
0.000082
0.000052
0.000054
-0.000056
-0.000197
-0.000072
-0.000053
0.000073
0.000072
-0.000004
-0.000004
0.000174
0.000061
-0.000033
-0.000084
-0.000121
-0.000129
-0.000011
0.000106
0.000017
0.000046
0.000083
0.000156
-0.000079
-0.000076
-0.000085
-0.000089
0.000024
-0.000029
-0.000039
0.000074
0.000098
0.000151
0.000037
-0.000043
-0.000176
-0.000101
0.000008
0.000005
-0.000018
0.000020
0.000083
0.000124
0.000068
-0.000040
-0.000075
-0.000084
0.000002
-0.000149
0.000001
0.000058
0.000035
0.000174
0.000125
-0.000067
-0.000129
-0.000062
0.000043
-0.000093
-0.000056
-0.000019
0.000068
0.000103
0.000150
0.000016
-0.000080
-0.000032
-0.000105
-0.000054
-0.000048
-0.000027
0.000043
0.000192
0.000054
0.000018
-0.000079
0.000004
-0.000010
-0.000089
-0.000086
-0.000097
0.000060
0.000161
0.000090
0.000078
-0.000040
-0.000069
-0.000080
0.000012
-0.000076
-0.000147
0.000106
0.000114
0.000062
0.000029
0.000036
-0.000007
-0.000027
-0.000096
-0.000077
-0.000149
0.000064
0.000150
0.000088
0.000075
-0.000038
-0.000056
0.000035
-0.000034
-0.000118
-0.000118
0.000035
0.000066
0.000114
0.000062
0.000024
0.000037
-0.000068
-0.000035
-0.000165
-0.000042
-0.000005
0.000088
0.000137
0.000047
-0.000085
0.000071
0.000064
-0.000082
-0.000150
-0.000086
-0.000007
0.000034
0.000157
0.000082
-0.000007
0.000017
-0.000012
-0.000043
-0.000133
-0.000071
0.000007
0.000022
0.000170
-0.000039
0.000032
0.000089
0.000028
-0.000082
-0.000139
-0.000124
0.000006
0.000075
0.000118
0.000062
-0.000004
0.000017
0.000007
-0.000020
-0.000089
-0.000147
-0.000028
0.000121
0.000046
0.000002
0.000110
0.000074
-0.000057
-0.000023
-0.000164
-0.000071
-0.000051
0.000150
0.000074
-0.000008
0.000046
0.000025
0.000040
-0.000023
-0.000120
-0.000162
-0.000001
0.000105
0.000048
0.000045
0.000101
0.000000
0.000004
-0.000077
-0.000117
-0.000069
-0.000011
0.000078
0.000091
-0.000024
0.000072
0.000013
0.000103
-0.000072
-0.000222
-0.000060
0.000028
0.000059
0.000069
0.000101
-0.000005
0.000005
0.000028
-0.000057
-0.000129
-0.000080
0.000026
0.000062
0.000029
0.000091
-0.000001
0.000078
0.000041
-0.000129
-0.000195
-0.000008
0.000028
0.000094
0.000052
0.000048
0.000010
0.000001
0.000056
-0.000102
-0.000087
-0.000130
0.000050
0.000089
0.000069
0.000037
0.000021
0.000091
-0.000050
-0.000192
-0.000029
-0.000051
0.000042
0.000102
0.000054
-0.000006
0.000021
0.000061
0.000007
-0.000142
-0.000115
-0.000041
0.000018
0.000173
0.000048
-0.000003
0.000019
0.000064
-0.000116
-0.000105
-0.000045
-0.000016
0.000059
0.000067
0.000058
0.000025
-0.000006
0.000078
-0.000090
-0.000115
-0.000133
-0.000001
0.000163
0.000092
0.000009
-0.000019
0.000066
-0.000061
-0.000054
-0.000070
-0.000065
-0.000033
0.000137
0.000058
0.000049
0.000005
0.000024
-0.000016
-0.000137
-0.000061
-0.000089
0.000051
0.000217
0.000008
-0.000033
0.000015
0.000018
-0.000025
-0.000108
-0.000045
-0.000075
0.000059
0.000110
0.000126
-0.000022
-0.000018
-0.000028
-0.000052
-0.000073
-0.000092
-0.000005
0.000164
0.000085
-0.000022
0.000013
-0.000007
-0.000017
-0.000050
-0.000081
-0.000082
-0.000005
0.000155
0.000130
-0.000003
-0.000001
-0.000098
-0.000022
-0.000062
0.000012
-0.000118
0.000070
0.000183
0.000008
-0.000002
-0.000022
-0.000004
-0.000058
-0.000095
-0.000037
-0.000008
0.000056
0.000194
0.000041
-0.000040
-0.000089
-0.000076
0.000015
-0.000000
-0.000097
0.000021
0.000103
0.000127
-0.000006
-0.000005
-0.000077
-0.000062
-0.000045
-0.000038
0.000004
0.000026
0.000186
0.000037
-0.000025
-0.000050
-0.000115
-0.000033
0.000051
-0.000021
-0.000067
0.000049
0.000200
0.000029
-0.000041
-0.000102
-0.000056
-0.000073
0.000007
0.000048
0.000024
0.000069
0.000101
-0.000011
-0.000063
-0.000076
-0.000120
0.000100
-0.000032
-0.000000
0.000019
0.000114
0.000122
-0.000061
-0.000107
-0.000108
-0.000067
0.000081
0.000047
0.000016
0.000042
0.000086
-0.000022
-0.000034
-0.000046
-0.000139
-0.000008
0.000069
0.000074
-0.000034
0.000071
0.000115
-0.000017
-0.000171
-0.000073
-0.000054
0.000056
0.000100
0.000034
0.000006
0.000019
0.000029
-0.000029
-0.000070
-0.000101
-0.000069
0.000108
0.000091
0.000049
0.000006
-0.000003
0.000046
-0.000165
-0.000037
-0.000086
0.000060
0.000152
0.000028
-0.000033
0.000029
0.000006
-0.000041
-0.000071
-0.000064
-0.000041
0.000016
0.000201
0.000086
-0.000079
-0.000058
0.000013
-0.000067
-0.000073
-0.000019
0.000040
0.000094
0.000106
-0.000043
-0.000006
-0.000058
0.000001
-0.000075
-0.000062
0.000020
0.000029
0.000166
0.000078
-0.000052
-0.000131
-0.000047
-0.000004
-0.000006
0.000011
-0.000018
0.000074
0.000157
-0.000044
-0.000065
-0.000078
-0.000003
-0.000059
-0.000030
0.000081
0.000069
0.000025
0.000129
-0.000066
-0.000176
-0.000042
-0.000004
0.000098
-0.000037
0.000041
0.000027
0.000086
0.000037
-0.000100
-0.000134
-0.000036
0.000044
0.000027
0.000056
0.000084
-0.000008
0.000038
-0.000068
-0.000116
-0.000051
0.000003
0.000095
0.000047
0.000035
-0.000034
0.000043
0.000039
-0.000071
-0.000199
-0.000006
0.000116
0.000080
0.000029
0.000062
-0.000048
-0.000067
0.000003
-0.000078
-0.000049
0.000023
0.000092
0.000105
-0.000035
0.000013
-0.000039
-0.000061
0.000033
-0.000163
0.000010
0.000099
0.000165
0.000018
-0.000064
-0.000078
-0.000038
-0.000004
-0.000027
-0.000011
0.000028
0.000099
0.000054
0.000011
-0.000043
-0.000096
-0.000091
0.000070
-0.000006
-0.000033
0.000105
0.000145
-0.000022
-0.000111
-0.000108
0.000004
-0.000015
0.000070
0.000006
-0.000003
0.000079
0.000067
-0.000027
-0.000141
-0.000031
-0.000080
0.000069
0.000112
0.000012
0.000030
0.000006
0.000005
-0.000070
-0.000161
0.000042
0.000043
0.000101
0.000019
-0.000040
0.000045
0.000049
-0.000099
-0.000108
-0.000026
0.000010
0.000101
0.000100
0.000068
-0.000130
-0.000029
-0.000007
-0.000020
-0.000098
0.000035
0.000098
0.000049
0.000071
-0.000061
-0.000079
0.000012
-0.000031
-0.000065
-0.000041
0.000120
0.000130
0.000011
-0.000021
-0.000117
-0.000054
-0.000037
0.000086
-0.000023
0.000018
0.000065
0.000043
0.000052
-0.000089
-0.000154
0.000009
0.000046
0.000022
0.000008
0.000065
0.000120
-0.000077
-0.000091
-0.000057
-0.000078
0.000063
0.000114
-0.000006
0.000011
-0.000003
0.000068
-0.000087
-0.000047
-0.000095
-0.000015
0.000109
0.000121
0.000033
-0.000114
0.000046
-0.000036
-0.000091
-0.000054
0.000030
0.000100
0.000087
-0.000013
-0.000030
-0.000037
-0.000001
-0.000066
-0.000027
-0.000014
0.000054
0.000094
0.000110
-0.000031
-0.000185
-0.000036
0.000044
-0.000014
0.000005
0.000061
0.000030
0.000093
-0.000056
-0.000059
-0.000112
0.000010
0.000079
-0.000064
0.000056
0.000113
0.000008
-0.000011
-0.000100
-0.000079
-0.000069
0.000092
0.000123
-0.000001
-0.000011
-0.000029
0.000066
-0.000077
-0.000062
-0.000096
0.000067
0.000132
0.000027
-0.000025
0.000029
-0.000037
-0.000085
-0.000046
-0.000025
0.000051
0.000093
0.000105
-0.000048
-0.000088
-0.000026
0.000008
-0.000047
0.000005
0.000005
0.000031
0.000123
0.000088
-0.000170
-0.000086
-0.000029
0.000055
-0.000001
-0.000013
0.000148
-0.000007
0.000010
-0.000070
-0.000108
0.000001
0.000027
0.000036
0.000039
0.000017
0.000036
0.000001
0.000004
-0.000146
-0.000088
0.000041
0.000162
0.000045
-0.000032
-0.000001
-0.000039
-0.000026
-0.000033
-0.000058
-0.000015
0.000165
0.000032
-0.000008
-0.000055
0.000025
-0.000065
-0.000082
0.000019
0.000027
0.000057
0.000107
0.000050
-0.000137
-0.000113
0.000020
0.000020
0.000043
-0.000024
0.000015
0.000125
-0.000016
-0.000020
-0.000172
0.000004
0.000048
-0.000007
0.000073
0.000046
0.000014
0.000002
-0.000068
-0.000110
-0.000038
0.000082
0.000091
0.000011
0.000012
-0.000022
-0.000025
-0.000013
-0.000010
-0.000124
0.000001
0.000171
0.000113
-0.000093
-0.000028
-0.000052
-0.000012
-0.000055
-0.000003
0.000079
0.000039
0.000101
-0.000065
-0.000062
-0.000060
0.000011
-0.000020
0.000029
0.000029
0.000015
0.000107
0.000013
-0.000134
-0.000095
-0.000046
0.000124
0.000046
0.000025
0.000019
-0.000056
0.000071
-0.000079
-0.000124
0.000007
0.000119
0.000033
0.000003
0.000014
0.000031
-0.000088
-0.000048
-0.000026
-0.000033
0.000067
0.000140
0.000048
-0.000103
-0.000072
-0.000028
0.000007
0.000033
-0.000039
0.000020
0.000113
0.000037
-0.000024
-0.000167
0.000018
-0.000016
0.000030
0.000037
0.000038
0.000058
0.000013
-0.000057
-0.000164
0.000026
0.000047
0.000050
0.000046
0.000010
-0.000010
-0.000036
0.000006
-0.000007
-0.000178
0.000064
0.000152
0.000063
-0.000028
-0.000067
-0.000025
-0.000032
-0.000034
0.000002
0.000036
0.000090
0.000088
-0.000100
-0.000056
-0.000035
0.000016
-0.000027
0.000027
0.000026
0.000047
0.000089
-0.000045
-0.000108
-0.000084
-0.000010
0.000107
0.000049
0.000048
-0.000052
-0.000026
0.000072
-0.000119
-0.000085
0.000021
0.000163
-0.000016
0.000004
0.000001
-0.000008
-0.000046
-0.000078
0.000003
-0.000009
0.000121
0.000117
-0.000070
-0.000081
-0.000041
-0.000044
0.000061
-0.000005
0.000029
0.000013
0.000068
0.000034
-0.000106
-0.000111
0.000024
0.000029
0.000071
0.000014
0.000006
0.000049
-0.000024
-0.000108
-0.000129
0.000120
0.000082
0.000033
-0.000021
0.000003
-0.000012
-0.000069
0.000018
-0.000040
-0.000062
0.000136
0.000087
0.000014
-0.000097
-0.000060
-0.000029
-0.000005
0.000055
-0.000004
0.000072
0.000032
0.000041
-0.000172
-0.000057
0.000061
0.000029
0.000024
-0.000006
0.000029
0.000075
-0.000042
-0.000109
-0.000078
0.000019
0.000134
0.000014
0.000046
-0.000015
-0.000093
-0.000028
0.000028
-0.000049
-0.000005
0.000081
0.000124
-0.000069
-0.000063
-0.000029
-0.000012
-0.000007
-0.000019
0.000064
0.000020
0.000135
-0.000053
-0.000172
-0.000045
0.000051
0.000078
0.000006
0.000002
0.000049
-0.000031
-0.000005
-0.000081
-0.000042
0.000009
0.000091
0.000046
0.000016
0.000007
-0.000118
0.000028
-0.000049
-0.000026
0.000020
0.000135
0.000088
-0.000109
-0.000122
0.000043
-0.000009
0.000005
0.000021
-0.000012
0.000083
0.000047
-0.000028
-0.000147
-0.000050
0.000076
0.000044
0.000010
0.000067
-0.000004
-0.000038
-0.000076
-0.000007
-0.000059
0.000078
0.000094
0.000007
-0.000004
-0.000094
0.000029
-0.000023
-0.000023
-0.000036
0.000027
0.000168
0.000042
-0.000145
-0.000086
0.000007
0.000031
-0.000005
0.000072
0.000002
0.000046
-0.000021
-0.000058
-0.000078
-0.000035
0.000147
-0.000028
0.000019
0.000044
-0.000003
-0.000059
-0.000044
-0.000055
0.000015
0.000060
0.000145
-0.000005
-0.000135
-0.000035
0.000001
0.000032
-0.000020
0.000001
0.000055
0.000095
-0.000026
-0.000127
-0.000051
0.000058
-0.000008
0.000035
0.000018
0.000091
-0.000041
-0.000058
-0.000049
-0.000107
0.000114
0.000095
0.000021
-0.000051
-0.000010
-0.000004
-0.000049
-0.000017
0.000005
0.000000
0.000080
0.000097
-0.000032
-0.000179
0.000024
0.000007
0.000024
0.000014
0.000020
0.000115
-0.000059
-0.000063
-0.000111
0.000022
0.000104
0.000026
-0.000046
0.000053
0.000008
-0.000024
-0.000067
-0.000052
-0.000001
0.000079
0.000126
-0.000025
-0.000075
-0.000051
0.000002
-0.000036
0.000026
0.000066
0.000016
0.000018
0.000045
-0.000141
-0.000052
0.000025
0.000092
-0.000012
-0.000049
0.000124
0.000003
-0.000069
-0.000119
-0.000026
0.000079
0.000122
0.000010
-0.000066
-0.000010
-0.000016
-0.000037
-0.000017
-0.000003
0.000099
-0.000003
0.000070
-0.000063
-0.000112
0.000043
-0.000031
0.000036
0.000008
0.000092
0.000011
-0.000042
-0.000067
-0.000072
-0.000023
0.000141
0.000088
-0.000076
-0.000061
0.000067
0.000001
-0.000113
-0.000021
0.000044
0.000116
0.000020
-0.000025
-0.000067
-0.000042
0.000006
-0.000005
-0.000018
0.000130
0.000023
-0.000022
-0.000065
-0.000086
0.000016
0.000034
0.000082
-0.000028
0.000001
0.000025
0.000005
-0.000093
-0.000043
0.000016
0.000036
0.000136
0.000023
-0.000138
-0.000035
-0.000001
0.000054
-0.000090
0.000048
0.000158
-0.000049
-0.000040
-0.000104
0.000025
0.000003
0.000046
-0.000004
0.000010
0.000069
0.000001
-0.000092
-0.000096
0.000016
0.000090
0.000058
0.000037
-0.000045
-0.000090
0.000034
-0.000040
-0.000002
0.000021
0.000068
0.000035
-0.000011
-0.000060
-0.000056
-0.000040
0.000092
0.000028
-0.000057
0.000090
0.000057
-0.000085
-0.000163
0.000022
0.000103
0.000080
-0.000027
-0.000008
-0.000038
-0.000016
0.000019
-0.000081
0.000002
0.000116
0.000032
0.000010
-0.000089
-0.000024
-0.000020
-0.000028
0.000088
-0.000016
0.000091
-0.000016
-0.000040
-0.000115
-0.000007
0.000068
0.000030
0.000081
-0.000049
-0.000050
0.000013
0.000015
-0.000056
-0.000090
0.000107
0.000168
-0.000077
-0.000061
-0.000059
0.000007
-0.000008
0.000028
0.000034
0.000045
0.000028
-0.000046
-0.000104
-0.000052
0.000122
0.000018
-0.000004
0.000012
0.000013
-0.000013
-0.000039
-0.000080
0.000013
0.000058
0.000109
0.000008
-0.000089
-0.000037
-0.000049
0.000012
0.000081
-0.000004
-0.000001
0.000054
-0.000000
-0.000091
-0.000117
0.000125
0.000042
0.000009
-0.000035
0.000061
-0.000010
-0.000090
-0.000016
-0.000070
0.000132
0.000103
-0.000011
-0.000104
-0.000072
0.000063
-0.000001
-0.000045
0.000077
0.000020
0.000043
-0.000048
-0.000067
-0.000044
0.000033
0.000050
0.000010
0.000054
-0.000024
-0.000008
-0.000103
0.000013
-0.000007
0.000027
0.000146
-0.000006
-0.000125
-0.000055
0.000040
0.000050
-0.000065
0.000024
0.000080
0.000012
-0.000010
-0.000094
-0.000069
0.000026
0.000132
-0.000003
-0.000027
0.000006
0.000021
-0.000098
-0.000059
0.000046
0.000119
0.000026
-0.000042
-0.000044
-0.000063
0.000081
-0.000065
0.000003
0.000050
0.000058
0.000020
-0.000069
-0.000052
-0.000048
-0.000003
0.000142
0.000035
-0.000065
-0.000019
0.000008
-0.000047
-0.000059
0.000070
0.000048
0.000066
-0.000060
-0.000012
-0.000086
0.000015
0.000079
-0.000078
0.000037
0.000084
0.000049
-0.000108
-0.000144
0.000050
0.000084
0.000062
-0.000006
-0.000057
0.000025
-0.000032
-0.000022
-0.000080
0.000112
0.000064
-0.000018
-0.000007
-0.000056
-0.000010
-0.000045
0.000046
0.000031
0.000012
0.000056
0.000018
-0.000157
-0.000038
0.000043
0.000083
0.000033
-0.000008
-0.000022
-0.000060
0.000004
0.000025
-0.000050
-0.000010
0.000144
0.000020
-0.000072
-0.000101
0.000010
0.000037
0.000022
-0.000002
0.000057
0.000015
-0.000023
-0.000117
-0.000072
0.000154
0.000053
-0.000007
-0.000057
0.000010
-0.000001
-0.000044
-0.000008
-0.000007
0.000052
0.000102
-0.000021
-0.000099
-0.000087
0.000089
-0.000016
0.000018
0.000086
-0.000024
-0.000001
-0.000119
0.000043
-0.000037
0.000035
0.000111
-0.000017
-0.000059
-0.000031
0.000012
-0.000008
-0.000028
0.000015
0.000080
0.000058
-0.000039
-0.000134
-0.000051
0.000086
0.000111
-0.000073
0.000037
-0.000008
-0.000018
-0.000049
-0.000053
0.000064
0.000037
0.000083
-0.000048
-0.000094
0.000015
0.000048
-0.000070
-0.000024
0.000110
0.000097
-0.000083
-0.000093
-0.000041
0.000037
0.000043
0.000060
0.000008
-0.000064
0.000015
-0.000026
-0.000045
0.000009
0.000050
0.000039
0.000045
-0.000075
-0.000022
-0.000073
0.000058
0.000036
-0.000032
0.000094
0.000002
-0.000055
-0.000107
0.000007
0.000056
0.000081
0.000020
-0.000046
-0.000077
0.000028
0.000047
-0.000080
-0.000045
0.000156
0.000056
-0.000071
-0.000104
-0.000015
0.000073
-0.000042
0.000081
-0.000009
0.000033
-0.000024
-0.000093
-0.000044
0.000048
0.000131
-0.000021
-0.000043
-0.000021
-0.000012
0.000009
-0.000047
0.000029
0.000030
0.000060
0.000050
-0.000172
-0.000008
0.000000
0.000061
0.000032
0.000020
0.000023
-0.000094
-0.000021
0.000015
-0.000007
0.000001
0.000123
-0.000006
-0.000090
-0.000056
0.000044
0.000018
-0.000028
0.000015
0.000086
-0.000004
-0.000038
-0.000098
-0.000063
0.000137
0.000073
-0.000000
-0.000093
0.000006
0.000007
-0.000032
-0.000025
0.000055
0.000056
0.000033
-0.000055
-0.000105
0.000018
0.000070
-0.000004
-0.000046
0.000095
0.000038
-0.000075
-0.000134
0.000036
0.000090
0.000024
0.000044
-0.000042
-0.000090
0.000027
-0.000004
0.000022
-0.000015
0.000048
0.000078
-0.000111
-0.000008
-0.000055
0.000031
0.000040
0.000057
-0.000007
-0.000033
-0.000010
-0.000060
-0.000012
0.000021
0.000114
0.000011
-0.000055
-0.000047
-0.000062
0.000046
0.000087
-0.000053
0.000001
0.000023
0.000082
-0.000129
-0.000112
0.000100
0.000084
0.000036
-0.000074
0.000020
-0.000066
0.000002
0.000000
-0.000001
0.000087
0.000032
-0.000020
-0.000132
-0.000035
0.000135
-0.000018
-0.000003
0.000001
0.000023
0.000030
-0.000111
-0.000027
0.000001
0.000131
0.000045
-0.000065
-0.000081
0.000023
-0.000015
-0.000020
0.000083
0.000028
-0.000003
-0.000057
-0.000013
-0.000037
-0.000006
0.000082
0.000059
-0.000083
0.000015
-0.000003
-0.000035
-0.000049
0.000032
0.000098
0.000013
-0.000009
-0.000086
-0.000062
0.000012
0.000125
0.000002
-0.000037
-0.000005
0.000011
-0.000039
-0.000039
0.000002
0.000081
0.000059
-0.000035
-0.000065
-0.000065
0.000096
-0.000028
-0.000046
0.000093
0.000072
-0.000051
-0.000140
-0.000031
0.000125
0.000018
0.000041
-0.000043
-0.000059
0.000033
-0.000006
-0.000026
-0.000047
0.000135
0.000040
-0.000056
-0.000118
0.000035
0.000035
-0.000023
0.000060
0.000007
0.000027
-0.000055
-0.000084
-0.000006
0.000071
0.000091
-0.000015
-0.000088
0.000020
-0.000033
0.000008
-0.000003
0.000053
-0.000005
0.000020
0.000026
-0.000128
-0.000014
0.000015
0.000142
-0.000029
-0.000044
0.000032
-0.000090
-0.000005
0.000029
0.000039
0.000050
-0.000029
0.000011
-0.000100
-0.000032
0.000101
0.000023
-0.000014
-0.000029
0.000065
-0.000050
-0.000042
-0.000066
0.000079
0.000109
0.000007
-0.000075
-0.000127
0.000081
0.000045
-0.000033
0.000014
0.000064
-0.000004
-0.000080
-0.000064
0.000057
0.000027
0.000062
-0.000015
-0.000052
-0.000011
0.000030
-0.000033
-0.000088
0.000140
0.000083
-0.000026
-0.000167
-0.000015
0.000094
0.000012
0.000022
-0.000003
-0.000018
0.000012
-0.000053
-0.000042
0.000045
0.000059
0.000053
-0.000083
-0.000018
0.000001
-0.000032
0.000009
0.000060
0.000015
0.000025
-0.000042
-0.000074
-0.000043
0.000068
0.000124
-0.000046
-0.000058
-0.000005
0.000015
-0.000063
0.000049
0.000024
0.000027
-0.000005
-0.000006
-0.000039
-0.000095
0.000076
0.000079
0.000010
-0.000046
-0.000002
-0.000038
-0.000024
0.000001
0.000063
0.000054
0.000002
-0.000083
-0.000064
0.000016
0.000101
-0.000010
-0.000064
0.000086
-0.000029
-0.000008
-0.000103
0.000026
0.000086
0.000028
0.000046
-0.000124
-0.000066
0.000070
0.000036
-0.000019
-0.000005
0.000090
-0.000021
-0.000147
-0.000008
0.000092
0.000081
-0.000071
0.000010
-0.000036
0.000029
-0.000021
-0.000069
0.000060
0.000056
0.000095
-0.000138
-0.000090
0.000035
0.000067
0.000030
-0.000008
-0.000004
-0.000020
-0.000020
-0.000026
-0.000025
0.000083
0.000069
-0.000032
-0.000105
-0.000011
0.000110
-0.000104
0.000037
0.000041
0.000067
-0.000051
-0.000127
0.000047
-0.000014
0.000096
0.000047
-0.000062
-0.000061
-0.000009
0.000034
-0.000006
0.000006
0.000062
-0.000006
-0.000041
-0.000056
0.000015
-0.000003
0.000075
0.000019
-0.000049
0.000019
-0.000063
0.000002
-0.000038
0.000111
0.000053
-0.000063
-0.000048
-0.000032
-0.000001
0.000039
0.000081
-0.000025
-0.000063
0.000009
0.000031
-0.000060
-0.000031
0.000083
0.000101
-0.000097
-0.000029
-0.000050
0.000023
0.000051
-0.000001
0.000058
-0.000063
0.000014
-0.000062
-0.000045
0.000083
0.000090
-0.000026
-0.000072
-0.000037
0.000036
0.000013
-0.000011
0.000017
0.000016
0.000048
-0.000034
-0.000125
-0.000018
0.000162
0.000043
-0.000065
-0.000078
0.000057
-0.000015
-0.000062
0.000054
0.000079
0.000005
-0.000065
-0.000050
-0.000029
0.000079
0.000035
-0.000002
-0.000062
0.000045
0.000020
-0.000087
-0.000054
0.000105
0.000097
-0.000031
-0.000083
-0.000088
0.000078
0.000034
0.000031
-0.000040
0.000010
0.000047
-0.000090
-0.000077
0.000101
0.000083
-0.000020
-0.000072
-0.000009
0.000048
-0.000079
0.000040
0.000022
0.000038
0.000021
-0.000051
-0.000093
-0.000018
0.000126
0.000071
-0.000069
-0.000074
0.000037
-0.000001
-0.000036
0.000024
0.000056
0.000014
-0.000014
-0.000092
0.000007
0.000015
0.000068
-0.000007
-0.000030
0.000052
-0.000060
-0.000058
-0.000008
0.000122
0.000015
-0.000015
-0.000064
-0.000036
-0.000002
0.000047
0.000084
-0.000071
-0.000017
0.000042
-0.000044
-0.000047
0.000016
0.000084
0.000046
-0.000103
0.000031
-0.000062
-0.000002
0.000051
0.000027
0.000042
-0.000065
-0.000006
-0.000067
0.000019
0.000068
0.000052
-0.000036
-0.000052
-0.000003
-0.000025
0.000035
0.000035
-0.000019
0.000025
-0.000004
-0.000015
-0.000094
0.000003
0.000160
-0.000019
-0.000032
-0.000067
0.000024
-0.000031
0.000021
0.000072
-0.000000
-0.000020
-0.000058
0.000016
-0.000058
0.000083
0.000059
-0.000044
-0.000032
-0.000020
0.000032
-0.000031
-0.000032
0.000114
0.000001
-0.000012
-0.000080
-0.000082
0.000114
0.000044
0.000049
-0.000118
0.000004
0.000036
-0.000047
-0.000012
0.000055
0.000086
-0.000083
-0.000035
-0.000022
0.000017
0.000031
0.000019
0.000024
-0.000049
0.000006
0.000003
-0.000102
0.000067
0.000099
0.000045
-0.000133
-0.000092
0.000093
0.000031
0.000025
-0.000050
0.000043
-0.000024
-0.000001
-0.000066
-0.000007
0.000126
0.000009
-0.000034
-0.000101
0.000043
0.000041
-0.000065
0.000058
0.000055
-0.000022
-0.000044
-0.000100
0.000073
0.000034
0.000085
-0.000026
-0.000144
0.000039
0.000048
0.000029
-0.000103
0.000079
0.000074
-0.000048
-0.000115
-0.000012
0.000121
0.000007
0.000010
-0.000049
-0.000026
0.000023
-0.000039
0.000013
0.000053
0.000061
-0.000028
-0.000162
0.000039
0.000079
0.000051
-0.000053
-0.000017
0.000015
-0.000021
0.000012
-0.000065
0.000064
0.000042
0.000068
-0.000127
-0.000118
0.000124
0.000062
-0.000010
-0.000055
0.000029
0.000032
-0.000123
0.000009
0.000099
0.000029
0.000011
-0.000126
0.000010
0.000012
0.000066
-0.000013
-0.000049
0.000067
0.000005
-0.000050
-0.000114
0.000109
0.000077
0.000016
-0.000071
-0.000084
0.000036
0.000030
0.000054
-0.000031
-0.000025
0.000067
-0.000060
-0.000086
0.000042
0.000123
0.000022
-0.000142
0.000011
0.000039
0.000010
-0.000069
0.000059
0.000060
-0.000019
-0.000035
-0.000122
0.000072
0.000064
0.000083
-0.000077
-0.000112
0.000072
0.000013
-0.000016
0.000011
0.000023
0.000050
-0.000083
-0.000048
0.000019
0.000032
0.000101
-0.000076
-0.000036
-0.000010
0.000057
-0.000066
-0.000026
0.000128
0.000041
-0.000086
-0.000162
0.000112
0.000075
0.000010
-0.000030
-0.000045
0.000021
-0.000015
0.000005
-0.000006
0.000013
0.000087
-0.000040
-0.000107
-0.000013
0.000085
0.000052
-0.000053
0.000011
-0.000022
0.000008
-0.000074
0.000046
0.000060
0.000033
0.000000
-0.000178
0.000039
0.000087
0.000064
-0.000075
-0.000065
0.000111
-0.000021
-0.000107
0.000023
0.000076
0.000071
-0.000074
-0.000059
-0.000009
0.000000
0.000095
-0.000017
-0.000008
-0.000041
0.000040
-0.000073
-0.000019
0.000106
0.000044
-0.000026
-0.000152
0.000059
0.000045
0.000017
-0.000010
-0.000033
0.000050
0.000000
-0.000068
-0.000052
0.000070
0.000141
-0.000053
-0.000141
-0.000009
0.000097
0.000012
-0.000045
0.000060
-0.000022
-0.000010
-0.000092
0.000056
0.000049
0.000008
0.000048
-0.000135
0.000009
0.000031
0.000046
-0.000026
-0.000037
0.000098
-0.000018
-0.000125
-0.000008
0.000084
0.000108
-0.000053
-0.000095
-0.000027
0.000040
0.000083
-0.000057
0.000004
0.000005
0.000056
-0.000122
-0.000037
0.000129
0.000033
-0.000018
-0.000115
0.000066
-0.000007
-0.000027
0.000039
0.000023
0.000021
-0.000038
-0.000055
-0.000034
0.000060
0.000119
-0.000029
-0.000125
-0.000033
0.000104
0.000016
-0.000065
0.000047
0.000003
0.000038
-0.000121
0.000001
0.000063
0.000038
0.000059
-0.000147
0.000010
0.000028
0.000018
-0.000017
0.000009
0.000092
-0.000066
-0.000124
0.000038
0.000100
0.000040
-0.000064
-0.000033
-0.000009
-0.000000
0.000051
-0.000028
0.000022
-0.000016
0.000068
-0.000103
-0.000070
0.000110
0.000059
0.000021
-0.000140
0.000027
0.000014
-0.000003
0.000032
0.000015
0.000016
-0.000045
-0.000049
-0.000013
0.000075
0.000068
-0.000049
-0.000076
0.000007
0.000068
-0.000043
-0.000038
0.000109
-0.000013
-0.000022
-0.000110
0.000047
0.000061
-0.000006
0.000075
-0.000115
-0.000024
-0.000001
0.000068
0.000015
-0.000037
0.000039
-0.000030
-0.000066
0.000012
0.000077
0.000022
-0.000046
-0.000015
-0.000002
-0.000021
0.000018
0.000005
0.000067
-0.000037
-0.000005
-0.000088
-0.000004
0.000134
-0.000005
-0.000017
-0.000094
0.000051
-0.000009
-0.000021
0.000070
0.000028
-0.000055
-0.000060
0.000034
0.000016
0.000002
0.000013
0.000035
-0.000040
-0.000059
0.000024
0.000014
0.000022
0.000066
-0.000059
-0.000046
-0.000063
0.000093
0.000068
-0.000066
0.000025
-0.000061
0.000021
-0.000024
0.000036
0.000032
-0.000005
-0.000004
-0.000061
-0.000019
0.000048
0.000068
-0.000050
-0.000019
0.000030
-0.000019
-0.000080
0.000044
0.000115
0.000017
-0.000154
-0.000023
0.000066
0.000032
0.000031
-0.000057
0.000021
-0.000041
0.000020
-0.000007
-0.000018
0.000068
0.000036
-0.000077
-0.000075
0.000042
0.000068
0.000019
-0.000059
0.000027
-0.000029
-0.000029
0.000013
0.000027
0.000056
0.000004
-0.000092
-0.000058
0.000046
0.000128
-0.000013
-0.000141
0.000048
0.000054
-0.000019
-0.000095
0.000071
0.000102
-0.000040
-0.000107
-0.000020
0.000070
0.000036
0.000041
-0.000080
-0.000014
-0.000009
0.000030
-0.000009
0.000010
0.000068
-0.000036
-0.000095
-0.000012
0.000106
0.000019
-0.000018
-0.000061
0.000020
0.000001
-0.000007
0.000017
-0.000010
0.000056
0.000011
-0.000119
-0.000038
0.000097
0.000105
-0.000045
-0.000149
0.000076
0.000012
-0.000005
0.000003
0.000035
0.000024
-0.000100
0.000003
0.000022
0.000039
0.000012
-0.000001
-0.000045
-0.000018
0.000015
0.000008
0.000016
0.000039
-0.000006
-0.000070
-0.000054
0.000079
0.000065
-0.000038
0.000008
-0.000073
0.000020
-0.000017
0.000074
0.000022
-0.000073
0.000028
-0.000037
0.000005
-0.000012
0.000086
-0.000013
-0.000052
-0.000014
0.000017
-0.000006
-0.000027
0.000119
-0.000014
-0.000099
-0.000051
0.000053
0.000115
-0.000046
-0.000044
-0.000001
-0.000034
0.000069
-0.000053
0.000033
0.000036
-0.000011
-0.000035
-0.000107
0.000127
0.000046
-0.000024
-0.000073
0.000028
0.000024
-0.000067
0.000036
0.000054
0.000037
-0.000093
-0.000047
0.000023
0.000042
0.000081
-0.000034
-0.000107
0.000010
0.000049
0.000063
-0.000098
0.000012
0.000101
-0.000069
-0.000054
-0.000045
0.000142
0.000026
-0.000053
-0.000066
-0.000015
0.000060
0.000025
0.000003
-0.000045
0.000055
-0.000054
-0.000046
0.000023
0.000103
0.000029
-0.000151
-0.000008
0.000076
0.000006
-0.000013
-0.000011
0.000052
-0.000039
-0.000064
0.000047
-0.000004
0.000065
-0.000008
-0.000034
-0.000075
0.000014
0.000096
0.000006
-0.000025
-0.000050
0.000023
-0.000048
0.000054
0.000043
-0.000013
-0.000038
-0.000029
0.000031
-0.000011
0.000016
0.000036
-0.000008
-0.000048
0.000005
-0.000040
0.000055
0.000049
0.000015
-0.000083
-0.000089
0.000114
0.000044
-0.000042
-0.000020
0.000034
-0.000016
-0.000072
0.000014
0.000134
-0.000032
-0.000071
-0.000034
0.000028
0.000059
-0.000034
0.000016
-0.000020
0.000030
-0.000036
-0.000050
0.000021
0.000116
0.000018
-0.000147
-0.000044
0.000073
0.000098
-0.000045
-0.000050
0.000015
-0.000014
0.000001
0.000023
-0.000015
0.000047
-0.000017
-0.000019
-0.000069
0.000013
0.000142
-0.000045
-0.000054
-0.000045
0.000073
-0.000027
-0.000016
0.000059
0.000030
-0.000060
-0.000102
0.000089
0.000027
0.000056
-0.000067
-0.000048
0.000021
-0.000005
0.000065
-0.000049
0.000019
0.000034
-0.000078
-0.000013
0.000024
0.000080
-0.000014
-0.000082
0.000055
-0.000046
-0.000006
0.000027
0.000092
-0.000029
-0.000135
0.000025
0.000052
0.000078
-0.000072
0.000003
-0.000029
-0.000003
0.000046
-0.000036
0.000030
0.000006
0.000023
-0.000064
-0.000072
0.000099
0.000082
-0.000057
-0.000055
-0.000034
0.000069
-0.000008
0.000006
0.000033
-0.000043
0.000002
-0.000045
0.000018
0.000045
0.000067
-0.000065
-0.000094
0.000010
0.000121
0.000004
-0.000112
0.000053
0.000034
-0.000021
-0.000101
0.000063
0.000111
-0.000035
-0.000085
-0.000032
0.000040
0.000054
0.000025
-0.000043
-0.000032
-0.000022
0.000040
0.000004
0.000017
0.000025
-0.000044
-0.000055
0.000040
0.000036
-0.000002
-0.000023
0.000023
0.000012
-0.000110
0.000046
0.000072
0.000040
-0.000085
-0.000049
0.000028
0.000022
0.000038
-0.000002
-0.000011
-0.000078
0.000061
-0.000021
0.000021
0.000021
0.000009
-0.000011
-0.000131
0.000098
0.000062
-0.000013
-0.000053
-0.000027
0.000064
-0.000041
-0.000015
0.000054
0.000013
0.000008
-0.000094
-0.000026
0.000068
0.000093
-0.000006
-0.000163
0.000016
0.000076
0.000067
-0.000107
0.000008
0.000078
-0.000064
-0.000030
-0.000020
0.000132
-0.000035
-0.000055
0.000007
-0.000029
0.000030
0.000022
0.000033
-0.000014
-0.000078
0.000006
0.000030
0.000032
0.000050
-0.000080
-0.000034
0.000002
0.000068
-0.000005
-0.000037
0.000035
0.000003
-0.000061
-0.000034
0.000110
0.000013
-0.000028
-0.000078
0.000032
0.000020
-0.000008
0.000054
-0.000034
-0.000013
-0.000030
0.000013
0.000002
0.000044
0.000036
-0.000050
-0.000109
0.000041
0.000133
-0.000019
-0.000081
-0.000033
0.000074
-0.000001
-0.000052
0.000027
0.000048
-0.000011
-0.000040
-0.000066
0.000056
0.000076
0.000013
-0.000076
-0.000084
0.000086
0.000035
-0.000007
-0.000026
0.000037
-0.000056
-0.000034
0.000048
0.000075
-0.000023
-0.000115
0.000090
-0.000025
0.000005
-0.000027
0.000062
0.000049
-0.000137
0.000008
0.000015
0.000087
0.000008
-0.000075
-0.000028
-0.000001
0.000069
0.000002
-0.000043
0.000032
-0.000003
-0.000043
-0.000044
0.000103
0.000060
-0.000093
-0.000055
0.000007
0.000107
-0.000062
0.000017
0.000004
-0.000028
0.000013
-0.000050
0.000072
-0.000013
0.000039
-0.000029
-0.000099
0.000026
0.000100
0.000034
-0.000081
-0.000070
0.000054
0.000040
-0.000033
0.000043
-0.000022
-0.000016
-0.000037
0.000030
0.000038
-0.000020
0.000012
-0.000010
-0.000033
-0.000016
0.000046
0.000023
0.000021
-0.000052
-0.000040
-0.000022
0.000088
0.000081
-0.000086
-0.000103
0.000043
0.000110
-0.000053
-0.000045
0.000022
0.000086
-0.000105
-0.000056
0.000092
0.000049
0.000005
-0.000122
0.000021
0.000028
0.000028
0.000024
-0.000047
-0.000000
-0.000003
-0.000022
0.000016
0.000042
0.000039
-0.000076
-0.000079
0.000076
0.000064
-0.000019
-0.000062
0.000040
-0.000019
-0.000024
0.000005
0.000083
-0.000004
-0.000113
0.000046
-0.000013
0.000063
-0.000043
0.000026
0.000010
-0.000084
0.000042
-0.000011
0.000070
-0.000006
-0.000036
-0.000065
-0.000006
0.000112
0.000036
-0.000088
-0.000071
0.000071
0.000041
-0.000038
-0.000018
0.000040
0.000015
-0.000059
-0.000029
0.000052
0.000022
0.000046
-0.000069
-0.000067
0.000024
0.000073
0.000064
-0.000112
-0.000020
0.000027
0.000015
-0.000008
0.000035
0.000007
-0.000051
-0.000045
0.000060
0.000054
-0.000079
0.000045
-0.000019
0.000014
-0.000075
0.000026
0.000118
-0.000055
-0.000032
-0.000086
0.000069
0.000067
0.000005
-0.000053
-0.000066
0.000063
0.000030
-0.000030
-0.000019
0.000062
0.000006
-0.000118
0.000007
0.000112
0.000036
-0.000091
-0.000077
0.000110
-0.000023
-0.000005
0.000010
0.000018
0.000006
-0.000118
0.000083
0.000019
0.000034
-0.000027
-0.000070
0.000021
0.000012
0.000056
-0.000017
-0.000030
-0.000002
-0.000010
-0.000028
0.000076
0.000032
-0.000050
-0.000087
0.000036
0.000106
-0.000057
-0.000039
0.000032
0.000043
-0.000078
-0.000034
0.000078
0.000073
-0.000065
-0.000082
0.000010
0.000049
0.000069
-0.000028
-0.000065
-0.000035
0.000058
0.000042
-0.000020
-0.000046
0.000051
-0.000026
-0.000037
0.000034
0.000019
0.000046
-0.000098
0.000037
-0.000019
-0.000014
0.000068
0.000009
-0.000009
-0.000121
0.000037
0.000094
0.000015
-0.000051
-0.000048
0.000001
0.000037
0.000035
-0.000009
-0.000044
-0.000004
0.000044
-0.000022
-0.000048
0.000055
0.000077
-0.000079
-0.000078
0.000008
0.000141
-0.000020
-0.000077
0.000000
-0.000021
0.000061
-0.000023
0.000052
-0.000042
-0.000042
0.000017
0.000008
0.000036
-0.000003
-0.000003
-0.000059
0.000019
0.000020
0.000034
-0.000038
0.000017
0.000014
-0.000086
0.000020
0.000073
0.000063
-0.000118
-0.000075
0.000094
0.000061
-0.000050
-0.000031
0.000033
0.000006
-0.000058
0.000005
0.000087
-0.000001
-0.000060
-0.000047
0.000024
0.000064
0.000023
-0.000062
-0.000018
-0.000008
0.000061
-0.000029
-0.000021
0.000085
-0.000067
-0.000022
-0.000053
0.000136
0.000020
-0.000114
0.000013
0.000007
0.000047
-0.000069
0.000071
0.000026
-0.000076
-0.000063
0.000062
0.000111
-0.000065
-0.000056
-0.000026
0.000069
0.000014
-0.000028
0.000003
-0.000006
0.000024
-0.000035
-0.000043
0.000078
0.000051
-0.000040
-0.000109
0.000006
0.000145
-0.000022
-0.000058
-0.000026
0.000029
-0.000003
-0.000009
0.000063
0.000001
-0.000097
-0.000005
0.000085
0.000005
-0.000022
-0.000058
0.000085
-0.000045
-0.000034
0.000038
0.000016
0.000063
-0.000116
-0.000007
-0.000004
0.000105
0.000037
-0.000119
-0.000050
0.000036
0.000129
-0.000070
-0.000042
0.000009
0.000030
-0.000021
-0.000033
0.000089
-0.000022
-0.000045
-0.000004
0.000010
0.000029
-0.000030
0.000051
-0.000000
-0.000106
0.000030
0.000043
0.000081
-0.000067
-0.000083
0.000028
0.000021
0.000084
-0.000038
-0.000066
-0.000017
0.000064
0.000024
-0.000043
-0.000027
0.000075
-0.000015
-0.000091
0.000038
0.000050
0.000059
-0.000117
-0.000007
0.000022
0.000014
0.000050
-0.000025
-0.000012
-0.000093
0.000070
0.000058
0.000006
-0.000065
-0.000033
0.000053
-0.000018
0.000047
-0.000029
-0.000011
-0.000002
-0.000006
0.000027
-0.000046
0.000054
0.000048
-0.000097
-0.000035
0.000022
0.000133
-0.000032
-0.000128
0.000039
0.000008
0.000066
-0.000035
0.000002
-0.000014
-0.000051
0.000057
0.000021
-0.000003
-0.000035
0.000010
-0.000012
0.000004
0.000002
0.000053
-0.000031
-0.000039
0.000013
-0.000016
0.000055
0.000002
0.000022
-0.000103
-0.000020
0.000097
0.000060
-0.000063
-0.000101
0.000076
0.000021
0.000005
-0.000040
0.000040
0.000001
-0.000074
0.000043
0.000016
0.000029
-0.000026
-0.000037
0.000018
-0.000031
0.000063
0.000031
-0.000067
-0.000003
-0.000041
0.000075
0.000004
-0.000000
0.000002
-0.000106
0.000060
0.000048
0.000038
-0.000087
-0.000034
0.000075
-0.000004
-0.000040
0.000015
0.000068
-0.000055
-0.000058
0.000008
0.000108
-0.000022
-0.000052
-0.000014
-0.000002
0.000036
0.000005
0.000037
-0.000065
-0.000020
0.000005
0.000057
0.000004
-0.000021
-0.000010
-0.000056
0.000061
0.000016
0.000018
-0.000058
-0.000012
0.000063
-0.000057
0.000006
0.000051
0.000019
-0.000058
-0.000096
0.000116
0.000070
-0.000072
-0.000035
-0.000030
0.000085
-0.000040
0.000022
0.000030
-0.000070
0.000001
-0.000006
0.000081
-0.000026
-0.000028
-0.000013
-0.000000
0.000013
0.000022
0.000010
-0.000037
0.000008
-0.000024
0.000021
-0.000001
0.000062
-0.000031
-0.000094
0.000011
0.000095
0.000047
-0.000114
-0.000020
0.000034
0.000051
-0.000053
0.000025
0.000031
-0.000068
-0.000004
0.000009
0.000090
-0.000057
-0.000042
0.000035
-0.000023
0.000024
-0.000001
0.000027
-0.000007
-0.000083
0.000045
0.000020
0.000033
0.000007
-0.000096
0.000015
0.000006
0.000102
-0.000031
-0.000098
0.000029
0.000031
0.000030
-0.000057
0.000038
0.000011
-0.000047
-0.000032
0.000073
0.000034
-0.000060
-0.000020
0.000010
0.000032
-0.000046
0.000060
0.000011
-0.000054
-0.000059
0.000054
0.000089
-0.000041
-0.000051
-0.000046
0.000073
0.000005
0.000034
-0.000046
-0.000049
0.000048
-0.000006
0.000043
-0.000060
0.000034
0.000012
-0.000071
0.000034
0.000026
0.000037
-0.000053
-0.000052
0.000067
-0.000025
0.000023
0.000032
-0.000035
-0.000039
-0.000052
0.000144
0.000021
-0.000099
-0.000050
0.000040
0.000086
-0.000046
-0.000017
-0.000004
0.000004
-0.000017
0.000035
0.000002
-0.000009
-0.000010
-0.000008
0.000007
-0.000026
0.000074
-0.000016
-0.000032
-0.000052
0.000044
0.000050
-0.000007
-0.000007
-0.000074
0.000020
0.000014
0.000113
-0.000069
-0.000098
0.000030
0.000060
0.000066
-0.000130
0.000034
0.000030
-0.000025
-0.000001
-0.000007
0.000073
-0.000059
-0.000036
0.000045
-0.000017
0.000023
0.000007
0.000004
-0.000038
-0.000069
0.000110
0.000046
-0.000047
-0.000083
-0.000009
0.000099
0.000020
-0.000027
-0.000062
-0.000013
0.000052
0.000054
-0.000052
-0.000028
0.000006
0.000040
-0.000025
-0.000037
0.000080
-0.000019
-0.000025
-0.000055
0.000072
0.000015
-0.000027
0.000016
-0.000029
-0.000008
-0.000044
0.000145
-0.000019
-0.000098
-0.000065
0.000088
0.000139
-0.000135
-0.000032
-0.000013
0.000081
0.000002
-0.000054
0.000044
-0.000039
0.000013
-0.000004
0.000003
0.000029
-0.000013
-0.000012
-0.000020
-0.000009
0.000065
-0.000009
-0.000027
-0.000007
-0.000021
0.000023
0.000016
0.000051
-0.000042
-0.000111
0.000047
0.000126
-0.000005
-0.000118
-0.000054
0.000135
0.000017
-0.000078
0.000008
0.000026
0.000018
-0.000095
0.000069
0.000051
-0.000032
-0.000060
-0.000002
0.000080
-0.000042
0.000022
-0.000030
0.000028
-0.000050
0.000008
0.000066
-0.000022
0.000013
-0.000105
0.000053
0.000043
0.000043
-0.000046
-0.000104
0.000070
0.000054
0.000005
-0.000071
0.000015
0.000030
-0.000030
-0.000026
0.000086
0.000013
-0.000104
-0.000020
0.000073
0.000086
-0.000114
-0.000029
0.000066
0.000001
-0.000027
-0.000021
0.000083
-0.000021
-0.000092
0.000033
0.000051
0.000029
-0.000049
-0.000046
0.000037
-0.000011
0.000053
-0.000007
-0.000038
-0.000023
-0.000003
0.000065
0.000001
-0.000007
-0.000061
-0.000009
0.000040
0.000076
-0.000042
-0.000089
0.000026
0.000056
0.000035
-0.000105
0.000042
0.000033
-0.000025
-0.000043
0.000019
0.000090
-0.000067
-0.000031
-0.000005
0.000053
-0.000017
0.000020
0.000006
-0.000064
-0.000018
0.000047
0.000118
-0.000109
-0.000075
0.000021
0.000097
0.000027
-0.000100
0.000007
-0.000004
0.000032
0.000021
-0.000011
-0.000023
-0.000020
0.000020
0.000037
-0.000038
0.000005
0.000021
-0.000028
0.000006
-0.000029
0.000066
-0.000008
-0.000030
-0.000006
-0.000042
0.000069
0.000038
-0.000021
-0.000084
-0.000035
0.000133
0.000038
-0.000100
-0.000044
0.000032
0.000077
-0.000056
-0.000003
0.000043
-0.000058
-0.000017
0.000024
0.000099
-0.000072
-0.000078
0.000044
0.000066
-0.000017
-0.000068
0.000058
0.000003
-0.000028
-0.000042
0.000078
0.000029
-0.000068
-0.000032
0.000015
0.000072
-0.000020
-0.000019
-0.000035
0.000020
0.000009
0.000026
-0.000015
-0.000004
-0.000004
-0.000058
0.000070
0.000014
0.000051
-0.000135
-0.000032
0.000134
0.000018
-0.000021
-0.000146
0.000103
0.000046
-0.000048
0.000007
-0.000008
0.000033
-0.000077
0.000033
0.000078
-0.000047
-0.000057
0.000021
0.000053
-0.000016
-0.000059
0.000060
0.000034
-0.000081
-0.000022
0.000052
0.000078
-0.000059
-0.000081
0.000027
0.000048
0.000041
-0.000024
-0.000070
-0.000009
0.000038
0.000076
-0.000024
-0.000091
0.000011
0.000033
0.000057
-0.000041
-0.000020
-0.000015
0.000004
0.000046
-0.000013
-0.000003
-0.000049
0.000060
-0.000024
-0.000012
0.000013
0.000025
0.000012
-0.000115
0.000075
0.000032
0.000017
-0.000070
-0.000013
0.000067
-0.000051
0.000031
0.000018
0.000006
-0.000098
0.000014
0.000107
0.000022
-0.000116
-0.000046
0.000109
0.000010
-0.000014
-0.000059
0.000061
-0.000035
-0.000035
0.000084
0.000005
-0.000023
-0.000107
0.000067
0.000089
-0.000034
-0.000056
-0.000030
0.000058
0.000036
-0.000037
-0.000016
0.000002
0.000016
0.000016
-0.000058
0.000044
0.000025
-0.000017
-0.000044
-0.000023
0.000105
-0.000016
-0.000050
-0.000017
0.000015
0.000032
-0.000015
0.000032
-0.000015
-0.000092
0.000035
0.000099
0.000023
-0.000125
-0.000071
0.000139
0.000047
-0.000055
-0.000077
0.000039
0.000039
-0.000029
0.000026
-0.000005
-0.000019
-0.000047
0.000068
0.000024
-0.000040
-0.000026
0.000024
0.000032
-0.000062
0.000034
0.000031
-0.000010
-0.000070
0.000017
0.000069
-0.000001
-0.000055
-0.000015
0.000041
-0.000017
0.000032
-0.000030
0.000034
-0.000061
-0.000001
0.000063
-0.000019
0.000046
-0.000122
0.000039
0.000024
0.000056
0.000005
-0.000142
0.000053
0.000035
0.000068
-0.000069
-0.000049
0.000042
-0.000004
0.000013
0.000022
0.000002
-0.000074
-0.000009
0.000077
0.000071
-0.000126
-0.000045
0.000092
0.000044
-0.000051
-0.000088
0.000117
0.000015
-0.000084
-0.000018
0.000064
0.000064
-0.000097
-0.000034
0.000056
0.000017
0.000002
-0.000018
-0.000008
-0.000024
-0.000004
0.000085
-0.000008
-0.000075
-0.000029
0.000057
0.000059
-0.000041
-0.000036
-0.000005
0.000013
0.000017
0.000035
-0.000025
-0.000041
-0.000022
0.000058
0.000047
-0.000048
-0.000027
-0.000032
0.000061
0.000021
-0.000001
-0.000047
-0.000032
0.000058
0.000016
-0.000000
-0.000057
0.000036
-0.000009
0.000001
0.000008
0.000012
0.000002
-0.000073
0.000070
0.000006
-0.000011
-0.000040
0.000038
0.000043
-0.000098
0.000004
0.000089
0.000038
-0.000130
-0.000053
0.000118
0.000101
-0.000127
-0.000072
0.000056
0.000063
0.000008
-0.000088
0.000073
-0.000071
0.000014
0.000049
0.000015
-0.000004
-0.000142
0.000112
0.000032
-0.000000
-0.000050
-0.000035
0.000064
-0.000034
0.000043
-0.000001
-0.000035
-0.000038
0.000037
0.000055
-0.000012
-0.000069
0.000002
0.000054
-0.000011
0.000013
-0.000044
0.000027
-0.000011
-0.000000
0.000031
-0.000037
0.000028
-0.000023
0.000001
0.000003
0.000003
0.000033
-0.000037
-0.000019
0.000016
0.000011
0.000022
-0.000011
-0.000021
-0.000030
0.000005
0.000094
-0.000002
-0.000104
-0.000049
0.000109
0.000092
-0.000095
-0.000102
0.000061
0.000086
-0.000033
-0.000044
0.000015
0.000024
-0.000062
0.000031
0.000075
-0.000031
-0.000089
-0.000009
0.000128
-0.000008
-0.000069
-0.000034
0.000055
0.000012
-0.000019
0.000031
-0.000032
-0.000023
-0.000016
0.000102
-0.000022
-0.000081
0.000005
0.000054
0.000040
-0.000099
0.000027
0.000040
-0.000010
-0.000047
0.000010
0.000062
-0.000021
-0.000049
0.000009
0.000037
-0.000017
0.000021
-0.000032
0.000022
-0.000053
0.000035
0.000071
-0.000066
-0.000003
-0.000079
0.000123
0.000014
-0.000044
-0.000032
-0.000055
0.000129
-0.000017
-0.000007
-0.000073
0.000009
0.000068
-0.000014
-0.000005
-0.000020
0.000005
-0.000035
0.000041
0.000037
0.000012
-0.000118
-0.000001
0.000115
0.000016
-0.000047
-0.000117
0.000103
0.000034
-0.000015
-0.000016
-0.000041
0.000035
-0.000023
0.000064
-0.000005
-0.000077
0.000002
0.000064
0.000023
-0.000066
-0.000030
0.000084
-0.000003
-0.000084
0.000036
0.000051
0.000013
-0.000115
0.000026
0.000103
-0.000046
-0.000040
-0.000015
0.000081
-0.000040
-0.000049
0.000073
0.000011
-0.000054
-0.000051
0.000082
0.000059
-0.000082
-0.000047
0.000045
0.000040
-0.000015
-0.000024
0.000018
-0.000027
-0.000020
0.000060
0.000035
-0.000055
-0.000077
0.000047
0.000085
-0.000008
-0.000077
-0.000026
0.000037
0.000047
0.000012
-0.000042
-0.000047
-0.000000
0.000079
0.000027
-0.000058
-0.000067
0.000038
0.000063
0.000004
-0.000047
-0.000032
0.000035
0.000003
0.000034
-0.000035
-0.000003
-0.000010
-0.000007
0.000049
-0.000024
0.000029
-0.000072
0.000006
0.000050
0.000028
-0.000021
-0.000101
0.000064
0.000057
-0.000000
-0.000091
0.000014
0.000069
-0.000010
-0.000055
-0.000000
0.000082
-0.000054
-0.000016
-0.000015
0.000072
-0.000021
-0.000050
0.000050
-0.000040
0.000032
-0.000021
0.000053
-0.000038
-0.000074
0.000076
0.000047
-0.000020
-0.000091
0.000027
0.000075
-0.000019
-0.000056
0.000051
-0.000014
-0.000028
-0.000008
0.000075
0.000036
-0.000173
0.000048
0.000068
0.000073
-0.000107
-0.000087
0.000129
-0.000024
0.000030
-0.000055
0.000027
-0.000031
-0.000035
0.000116
0.000000
-0.000078
-0.000085
0.000110
0.000081
-0.000054
-0.000109
0.000043
0.000063
-0.000011
0.000002
-0.000045
0.000030
-0.000060
0.000079
0.000035
-0.000073
-0.000026
-0.000011
0.000118
-0.000050
-0.000041
0.000009
0.000004
0.000019
-0.000011
0.000033
-0.000024
-0.000062
0.000033
0.000080
-0.000026
-0.000060
-0.000042
0.000104
0.000021
-0.000071
-0.000006
-0.000008
0.000081
-0.000056
-0.000007
0.000013
-0.000006
0.000033
-0.000056
0.000032
0.000003
0.000011
-0.000017
-0.000033
0.000037
0.000021
-0.000012
-0.000036
0.000007
0.000027
0.000014
-0.000034
0.000008
0.000000
-0.000002
0.000010
-0.000009
0.000024
-0.000033
0.000004
0.000004
0.000005
0.000027
-0.000024
-0.000023
-0.000021
0.000055
0.000050
-0.000064
-0.000072
0.000038
0.000099
-0.000009
-0.000107
-0.000010
0.000080
0.000024
-0.000042
-0.000022
0.000020
-0.000014
-0.000002
0.000051
0.000006
-0.000076
-0.000028
0.000078
0.000058
-0.000066
-0.000064
0.000036
0.000039
0.000008
-0.000016
-0.000005
-0.000045
-0.000003
0.000089
0.000026
-0.000093
-0.000083
0.000104
0.000088
-0.000057
-0.000099
0.000029
0.000076
-0.000026
-0.000006
0.000000
-0.000007
-0.000053
0.000047
0.000090
-0.000063
-0.000095
0.000017
0.000128
-0.000010
-0.000103
-0.000006
0.000065
0.000002
-0.000023
0.000016
0.000006
-0.000056
-0.000010
0.000115
-0.000016
-0.000083
-0.000049
0.000105
0.000060
-0.000107
-0.000005
0.000008
0.000053
-0.000040
0.000013
0.000030
-0.000075
0.000009
0.000047
0.000058
-0.000099
-0.000042
0.000077
0.000054
-0.000067
-0.000050
0.000073
0.000001
-0.000028
-0.000036
0.000096
-0.000033
-0.000075
0.000036
0.000051
0.000030
-0.000132
0.000044
0.000059
-0.000007
-0.000038
-0.000025
0.000069
-0.000035
-0.000010
0.000022
0.000002
-0.000027
0.000006
0.000025
0.000007
-0.000059
0.000032
0.000052
-0.000063
-0.000004
-0.000006
0.000101
-0.000079
-0.000061
0.000077
0.000018
0.000014
-0.000120
0.000078
0.000036
-0.000035
-0.000021
-0.000000
0.000063
-0.000064
-0.000001
0.000022
0.000037
-0.000051
-0.000013
0.000018
0.000025
0.000007
-0.000050
0.000033
-0.000053
0.000075
-0.000001
-0.000028
-0.000032
-0.000025
0.000133
-0.000057
-0.000039
-0.000036
0.000062
0.000056
-0.000080
-0.000001
0.000012
0.000018
-0.000015
-0.000001
0.000023
-0.000005
-0.000066
0.000050
0.000029
0.000008
-0.000047
-0.000064
0.000106
-0.000015
0.000034
-0.000087
-0.000021
0.000080
-0.000001
0.000042
-0.000124
0.000024
0.000046
0.000041
-0.000021
-0.000079
0.000034
0.000024
0.000029
-0.000039
0.000009
-0.000029
0.000023
-0.000003
0.000033
0.000008
-0.000088
0.000037
-0.000007
0.000102
-0.000065
-0.000072
0.000024
0.000027
0.000102
-0.000107
-0.000038
0.000004
0.000069
0.000047
-0.000085
-0.000032
0.000019
0.000048
0.000017
-0.000037
-0.000036
0.000027
-0.000016
0.000064
-0.000028
-0.000023
-0.000011
-0.000032
0.000112
-0.000047
0.000007
-0.000077
0.000012
0.000102
-0.000025
-0.000007
-0.000114
0.000064
0.000074
0.000011
-0.000073
-0.000062
0.000067
0.000056
-0.000002
-0.000081
0.000016
-0.000006
0.000060
-0.000022
-0.000004
-0.000009
-0.000061
0.000088
-0.000016
0.000046
-0.000090
-0.000028
0.000078
0.000008
0.000039
-0.000109
-0.000003
0.000040
0.000054
0.000012
-0.000093
-0.000033
0.000068
0.000061
-0.000018
-0.000083
-0.000027
0.000102
-0.000012
0.000011
-0.000064
0.000006
0.000036
-0.000035
0.000087
-0.000071
-0.000003
-0.000040
0.000051
0.000083
-0.000083
-0.000029
-0.000036
0.000099
0.000024
-0.000041
-0.000064
0.000000
