0
-0.261704
-0.551228
-0.892403
-1.26386
-1.60572
-1.86801
-2.00128
-1.93307
-1.7699
-1.52006
-1.25785
-1.116
-1.0757
-1.04814
-1.15217
-1.18192
-1.15712
-1.15254
-1.0829
-0.909927
-0.732732
-0.428376
-0.0789368
0.243895
0.45663
0.564325
0.636891
0.634624
0.681522
0.78686
0.782703
0.723719
0.632412
0.464905
0.308599
0.153189
0.00598374
-0.0961444
-0.207468
-0.147263
-0.125307
-0.115073
-0.079142
-0.0464901
0.00500843
0.122152
0.142046
0.0771557
-0.00215687
-0.0494747
-0.0514696
-0.0490885
-0.00879878
-0.00991198
-0.0407121
0.0569332
0.0866375
0.00340714
-0.0379241
-0.0027201
-0.0391282
-0.0265934
-0.00776117
0.0558651
0.0445537
-0.0208038
-0.00684677
-0.0513513
0.00715729
0.0171096
0.0116312
0.00449445
-0.00303503
0.00958169
-0.0104262
-0.0284711
-0.00462245
0.0259731
0.0472966
-0.0221459
-0.0582447
0.00262575
0.0420792
0.0278002
-0.055047
0.011128
0.0180178
-0.0137905
-0.0171996
0.0109554
0.0523198
-0.0458347
-0.0291399
0.0206416
0.0280557
0.00205177
-0.0326194
0.00853645
0
