0.000000
-0.261704
-0.551228
-0.892403
-1.263863
-1.605718
-1.868006
-2.001279
-1.933070
-1.769900
-1.520058
-1.257851
-1.115999
-1.075697
-1.048136
-1.152174
-1.181919
-1.157125
-1.152538
-1.082905
-0.909927
-0.732732
-0.428376
-0.078937
0.243895
0.456630
0.564325
0.636891
0.634624
0.681522
0.786860
0.782703
0.723719
0.632412
0.464905
0.308599
0.153189
0.005984
-0.096144
-0.207468
-0.147263
-0.125307
-0.115073
-0.079142
-0.046490
0.005008
0.122152
0.142046
0.077156
-0.002157
-0.049475
-0.051470
-0.049088
-0.008799
-0.009912
-0.040712
0.056933
0.086637
0.003407
-0.037924
-0.002720
-0.039128
-0.026593
-0.007761
0.055865
0.044554
-0.020804
-0.006847
-0.051351
0.007157
0.017110
0.011631
0.004494
-0.003035
0.009582
-0.010426
-0.028471
-0.004622
0.025973
0.047297
-0.022146
-0.058245
0.002626
0.042079
0.027800
-0.055047
0.011128
0.018018
-0.013791
-0.017200
0.010955
0.052320
-0.045835
-0.029140
0.020642
0.028056
0.002052
-0.032619
0.008536
0.000000
